#1,#2,#3,#4,#5,#6,#7,#8,#9,#10,#11,#12,#13,#14,#15,#16,#17,#18,#19,#20,#21,#22,#23,#24,#25,#26,#27,#28,#29,#30,#31,#33,#34,#36,#38,#39,#40,#44,#47,#57,#58,#59,#61,#63,#71,#72,#73,#76,#78,#80,#81,#84,#85,#87,#88,#89,#90,#91,#92,#93,#94,#95,#96,#97,#98,#99,#100,#101,#102,#103,#104,#105,#107,#108,#109,#110,#111,#112,#113,#114,#115,#116,#117,#120,#121,#122,#124,#125,#127,#128,#130,#131,#132,#134,#136,#137,#138,#140,#141,#143,#144,#146,#150,#151,#155
515.5420532226561,535.5599365234375,264.26177978515625,491.1414489746094,249.10166931152344,1377.424560546875,1372.1365966796875,928.14794921875,1814.9925537109373,337.3621826171875,1545.0205078125,1622.8311767578125,2439.909423828125,2003.81494140625,1812.2109375,1427.4300537109375,636.638671875,1726.758056640625,1804.9456787109373,193.3450164794922,1754.9371337890625,1746.453125,343.5515441894531,303.322265625,1877.39306640625,1626.8778076171875,1855.5859375,1760.2620849609375,1737.3564453125,1773.8026123046875,1731.0133056640625,1154.0849609375,1605.430908203125,921.0447998046876,1799.18115234375,1739.46484375,1119.0771484375,1744.0787353515625,1590.0185546875,1685.75830078125,1732.58984375,1602.654296875,1953.5474853515625,1940.7093505859373,1600.9271240234375,872.262451171875,1669.5467529296875,1902.7144775390625,1774.118408203125,1495.25634765625,1189.3897705078125,1538.4393310546875,1568.218994140625,1861.3663330078125,1570.391845703125,1667.703125,1595.459228515625,1080.2850341796877,1366.341064453125,1630.4169921875,1785.4891357421875,1745.898193359375,1785.6922607421875,1356.4476318359375,1229.39697265625,1774.591064453125,1757.7947998046875,1091.00048828125,1838.5242919921875,1041.8050537109377,1284.57958984375,1958.1265869140625,2000.792724609375,1672.88818359375,1381.333251953125,535.8045654296875,1706.5869140625,1639.343994140625,1492.8720703125,1925.79833984375,1589.801513671875,2034.4578857421875,1747.295654296875,1560.6240234375,1325.5738525390625,1908.5435791015625,1358.288818359375,1526.0238037109375,1498.49853515625,1967.6085205078125,1693.4853515625,1258.780029296875,1855.6773681640625,1734.7130126953125,1469.694091796875,1714.7451171875,1482.6466064453125,1832.29443359375,1608.2099609375,1703.6005859375,1834.54931640625,1654.1829833984375,1541.792724609375,1558.0933837890625,1612.5616455078125
516.6268920898439,539.339111328125,271.84188842773443,490.7904052734375,250.6484375,1402.946533203125,1377.21728515625,923.849609375,1818.466064453125,335.42169189453125,1556.6500244140625,1631.5738525390625,2468.218505859375,2038.8851318359373,1815.63037109375,1429.2359619140625,638.5472412109375,1731.952880859375,1813.0894775390625,188.15684509277344,1749.3759765625,1765.26025390625,351.1856689453125,303.93988037109375,1873.340087890625,1620.7679443359375,1873.27099609375,1760.7674560546875,1737.57958984375,1778.586181640625,1733.0875244140625,1151.4825439453125,1612.017578125,928.9765625,1804.7984619140625,1735.0814208984375,1118.7568359375,1740.8909912109375,1587.0577392578125,1686.943603515625,1746.4522705078125,1599.138671875,1954.5809326171875,1939.769775390625,1600.517578125,876.22265625,1666.867919921875,1896.55859375,1777.7777099609375,1493.908447265625,1186.07958984375,1536.2158203125,1562.91943359375,1860.03271484375,1563.8380126953125,1681.5523681640625,1601.3851318359375,1063.587158203125,1368.0643310546875,1638.8665771484375,1790.84619140625,1742.0784912109375,1781.8614501953125,1359.5699462890625,1230.3218994140625,1775.9072265625,1754.616943359375,1088.57568359375,1823.721435546875,1049.23095703125,1288.7064208984375,1975.5205078125,1994.7777099609373,1667.62255859375,1384.654541015625,552.5355224609375,1703.5238037109375,1644.929931640625,1500.9320068359375,1927.351318359375,1584.22705078125,2036.018310546875,1749.6474609375,1572.077880859375,1340.53662109375,1911.7413330078125,1357.693603515625,1534.9627685546875,1504.8070068359375,1964.245849609375,1687.4844970703125,1260.8316650390625,1855.0123291015625,1751.6539306640625,1462.04443359375,1715.0303955078125,1491.347412109375,1827.05078125,1608.572265625,1702.6917724609375,1829.42578125,1651.5272216796875,1538.2431640625,1558.8114013671875,1623.9990234375
505.4803161621094,530.509765625,265.757568359375,490.72393798828125,252.5077667236328,1396.361572265625,1378.643310546875,911.1943969726562,1796.5687255859375,337.4180603027344,1552.0693359375,1633.1851806640625,2458.937744140625,2045.173095703125,1816.296875,1429.2869873046875,631.0244140625,1726.2418212890625,1816.722900390625,192.72679138183597,1756.95947265625,1757.7144775390625,352.2178039550781,300.2144775390625,1868.710693359375,1623.861572265625,1878.0811767578125,1753.05322265625,1739.546630859375,1780.2222900390625,1735.3831787109375,1147.78955078125,1612.641845703125,928.5985717773438,1800.9813232421875,1725.8714599609375,1118.0643310546877,1731.0205078125,1581.9019775390625,1678.774658203125,1741.004150390625,1588.7559814453125,1957.7308349609373,1933.8687744140625,1593.0914306640625,872.03564453125,1661.623291015625,1907.6898193359373,1772.8968505859375,1488.2939453125,1194.087646484375,1529.930908203125,1562.0643310546875,1864.6646728515625,1564.3546142578125,1682.040771484375,1600.3729248046875,1058.2183837890623,1360.9581298828125,1631.7982177734375,1790.2421875,1731.6097412109375,1796.3360595703125,1366.9306640625,1227.6812744140625,1774.8680419921875,1754.639404296875,1080.4815673828123,1841.6163330078125,1054.052978515625,1287.218505859375,1960.47265625,2007.299560546875,1666.9202880859375,1379.3494873046875,551.0946655273439,1693.7615966796875,1646.037841796875,1494.553466796875,1938.6573486328125,1587.426513671875,2032.796630859375,1734.2857666015625,1558.0528564453125,1327.09375,1911.0855712890625,1352.6929931640625,1534.4384765625,1505.8056640625,1967.2061767578125,1698.2818603515625,1266.694580078125,1856.19140625,1751.1163330078125,1454.8326416015625,1711.435546875,1481.967529296875,1828.2493896484373,1604.7357177734375,1713.973876953125,1838.0947265625,1672.0517578125,1541.0029296875,1569.626953125,1619.47998046875
509.6439208984375,532.3875122070311,267.291748046875,488.3551635742188,244.0896453857422,1404.51416015625,1382.6329345703125,917.2619018554688,1815.760498046875,332.8496398925781,1549.67822265625,1634.095458984375,2447.817626953125,2043.363525390625,1816.419189453125,1429.3323974609375,621.3138427734375,1727.4774169921875,1819.1357421875,191.9888458251953,1757.79150390625,1762.3050537109375,351.304931640625,299.32025146484375,1871.7578125,1622.552978515625,1875.8953857421875,1764.9241943359375,1731.212158203125,1779.6790771484375,1733.04296875,1157.8050537109375,1609.9718017578125,942.5638427734376,1810.86181640625,1726.3629150390625,1124.9586181640623,1725.867431640625,1586.5201416015625,1684.5150146484375,1736.1781005859375,1591.044677734375,1944.4552001953125,1943.95703125,1572.0048828125,866.7618408203125,1671.9068603515625,1911.4354248046875,1772.4930419921875,1491.75537109375,1184.510498046875,1530.1710205078125,1560.595458984375,1865.8359375,1563.3228759765625,1676.5572509765625,1584.3624267578125,1065.641845703125,1373.5853271484375,1629.6268310546875,1790.63525390625,1736.9781494140625,1790.0576171875,1361.2584228515625,1243.6187744140625,1777.3665771484375,1756.125,1086.9342041015623,1829.81396484375,1035.8338623046877,1283.4365234375,1959.53662109375,2000.0074462890625,1668.3492431640625,1391.6175537109375,545.9146118164061,1695.4710693359375,1638.5767822265625,1505.2548828125,1931.1290283203125,1593.034912109375,2028.832275390625,1743.5250244140625,1563.2783203125,1332.662109375,1918.6148681640625,1373.5771484375,1537.056884765625,1506.7255859375,1967.9111328125,1682.025634765625,1254.2249755859375,1855.9716796875,1748.118408203125,1460.5400390625,1696.309326171875,1491.667724609375,1816.75927734375,1611.4456787109375,1710.86962890625,1835.8992919921875,1664.546142578125,1531.6751708984375,1558.1761474609375,1609.3939208984375
512.1926879882811,535.3789672851561,274.8788452148437,493.5054626464844,249.32293701171875,1394.6741943359375,1377.9830322265625,910.4713134765624,1814.3115234375,338.0588073730469,1548.759765625,1642.118896484375,2450.816162109375,2041.9434814453125,1828.4395751953125,1422.7694091796875,626.75927734375,1722.7972412109375,1819.4266357421875,191.63552856445312,1759.6116943359375,1750.7894287109375,339.5592041015625,295.5604553222656,1873.3155517578125,1626.3759765625,1882.7158203125,1759.5303955078125,1733.87255859375,1779.833251953125,1731.898193359375,1150.918212890625,1610.9967041015625,941.5914916992188,1799.7906494140625,1732.6839599609375,1136.1480712890625,1743.9056396484375,1584.9129638671875,1685.03857421875,1746.625732421875,1593.29443359375,1945.7647705078125,1951.1710205078125,1593.9766845703125,881.9385375976562,1667.5152587890625,1906.0758056640625,1780.821533203125,1496.9979248046875,1186.398193359375,1527.4117431640625,1567.5712890625,1853.259033203125,1552.6820068359375,1665.1988525390625,1590.7603759765625,1067.4744873046877,1369.374267578125,1625.6343994140625,1793.2431640625,1740.4925537109375,1784.65087890625,1348.0662841796875,1229.6619873046875,1765.3885498046875,1750.0438232421875,1078.2242431640623,1825.2047119140625,1037.8988037109377,1288.32470703125,1949.7066650390625,2004.1724853515625,1659.3450927734375,1380.443115234375,543.1132202148439,1698.2652587890625,1642.3685302734375,1491.7135009765625,1927.4610595703125,1584.8798828125,2033.3572998046875,1729.570068359375,1569.8299560546875,1329.532470703125,1908.98974609375,1372.138671875,1532.57861328125,1495.2552490234375,1957.2027587890625,1701.8563232421875,1244.8504638671875,1849.334716796875,1753.679931640625,1467.1663818359375,1698.3052978515625,1496.3751220703125,1826.6871337890625,1605.400146484375,1706.7464599609375,1832.9332275390625,1661.60498046875,1528.409912109375,1561.8675537109375,1614.342041015625
514.6925659179689,524.0386352539061,274.14303588867193,497.0924072265625,246.55206298828125,1394.922119140625,1386.3961181640625,923.1565551757812,1818.59765625,337.3671875,1544.8575439453125,1631.4390869140625,2439.474609375,2019.020751953125,1821.5135498046875,1420.6141357421875,647.8487548828125,1727.4794921875,1807.4549560546875,186.9086151123047,1758.5361328125,1749.2730712890625,348.1424560546875,298.7217712402344,1871.4312744140625,1620.1322021484375,1876.069091796875,1757.5438232421875,1738.0751953125,1775.796630859375,1737.050537109375,1151.2874755859375,1618.869140625,942.6515502929688,1799.889404296875,1738.53759765625,1134.8626708984375,1737.390625,1583.683837890625,1682.539794921875,1733.894775390625,1593.140380859375,1947.7802734375,1939.9375,1581.0340576171875,872.5320434570312,1664.7686767578125,1908.1361083984373,1781.9527587890625,1494.6976318359375,1187.550537109375,1522.5341796875,1566.7777099609375,1852.44384765625,1576.550048828125,1676.570556640625,1607.68212890625,1062.982666015625,1365.7493896484375,1634.3271484375,1789.555908203125,1735.1507568359375,1791.8916015625,1348.649658203125,1225.9337158203125,1783.390625,1753.1767578125,1081.1904296875,1829.1202392578125,1034.5745849609377,1285.9124755859375,1956.02587890625,2005.6151123046875,1662.84423828125,1385.7833251953125,537.6232299804689,1695.6275634765625,1641.439208984375,1495.8756103515625,1937.4996337890625,1583.820556640625,2035.8521728515625,1736.8375244140625,1567.7857666015625,1329.3885498046875,1907.3994140625,1360.7557373046875,1540.627685546875,1499.3394775390625,1963.1754150390625,1696.948486328125,1260.23046875,1848.586181640625,1749.0914306640625,1462.509765625,1703.2373046875,1495.1103515625,1818.5556640625,1615.2593994140625,1712.166259765625,1831.93505859375,1657.47265625,1531.9041748046875,1557.4669189453125,1616.7733154296875
517.2608642578125,542.7857055664061,272.52731323242193,497.78643798828125,250.6575164794922,1407.3570556640625,1386.1273193359375,926.7581787109376,1837.8115234375,337.7264709472656,1560.5074462890625,1639.8671875,2461.85009765625,2055.077880859375,1826.0322265625,1442.592529296875,635.080810546875,1723.53369140625,1817.1279296875,189.404052734375,1759.2750244140625,1754.3236083984375,336.2864685058594,300.7283020019531,1871.0384521484373,1625.1700439453125,1887.8094482421875,1761.8756103515625,1739.84521484375,1779.1661376953125,1744.4600830078125,1163.323486328125,1618.963623046875,947.701904296875,1793.046875,1737.1944580078125,1122.1871337890623,1737.2047119140625,1581.929931640625,1687.7281494140625,1742.25390625,1601.6961669921875,1958.5458984375,1937.7115478515625,1590.3055419921875,876.6781616210938,1674.4007568359375,1903.854248046875,1778.9619140625,1500.683349609375,1200.5755615234375,1532.341064453125,1569.781494140625,1861.22900390625,1568.8416748046875,1671.7117919921875,1600.7227783203125,1070.731689453125,1373.736083984375,1630.8865966796875,1787.5985107421875,1740.6097412109375,1788.9251708984375,1337.955322265625,1237.5159912109375,1782.4588623046875,1759.441650390625,1098.595947265625,1826.73046875,1039.4515380859377,1282.9866943359375,1960.5762939453125,1995.3013916015625,1671.0738525390625,1394.2303466796875,546.3036499023439,1699.5218505859375,1636.0792236328125,1493.3387451171875,1946.2242431640625,1584.1334228515625,2035.0855712890625,1739.6416015625,1563.64404296875,1331.5037841796875,1907.719482421875,1368.7718505859375,1539.45068359375,1500.1025390625,1962.7626953125,1693.782958984375,1265.6748046875,1837.60693359375,1758.1571044921875,1463.5477294921875,1694.9150390625,1487.51904296875,1824.6610107421875,1613.8441162109375,1705.894287109375,1839.603515625,1666.211669921875,1539.7442626953125,1560.8194580078125,1618.4423828125
519.7687377929689,545.09033203125,264.6734619140625,504.8724365234375,242.7642059326172,1416.3154296875,1381.9188232421875,931.8026123046876,1827.1129150390625,334.9916076660156,1547.8560791015625,1640.4844970703125,2453.89208984375,2052.765869140625,1822.6942138671875,1427.237060546875,645.8908081054688,1724.27734375,1821.3416748046875,187.4229736328125,1766.1971435546875,1751.827880859375,344.7779846191406,299.1190185546875,1868.5343017578125,1622.85888671875,1887.0531005859373,1754.6064453125,1744.7601318359375,1784.50634765625,1735.9873046875,1159.5743408203125,1622.1519775390625,946.68408203125,1792.1258544921875,1735.77197265625,1131.808349609375,1737.538818359375,1584.9637451171875,1683.88623046875,1739.0606689453125,1593.2462158203125,1938.8677978515625,1944.6165771484373,1578.3658447265625,875.7521362304688,1667.518798828125,1917.955810546875,1779.3939208984375,1492.786376953125,1184.0921630859375,1533.09375,1566.10791015625,1852.6541748046875,1564.055419921875,1683.385009765625,1593.5589599609375,1074.3441162109377,1362.291259765625,1634.7900390625,1785.175537109375,1740.605712890625,1791.7164306640625,1355.104736328125,1236.6953125,1772.901123046875,1754.114501953125,1081.65380859375,1821.196533203125,1055.1859130859377,1296.88818359375,1960.303466796875,2008.62744140625,1662.49609375,1388.46630859375,535.6762084960939,1697.031005859375,1635.6298828125,1490.1185302734375,1942.6920166015625,1582.7572021484375,2035.0604248046875,1744.210693359375,1543.6728515625,1332.778076171875,1911.680908203125,1385.3411865234375,1538.415771484375,1490.9627685546875,1964.2308349609373,1688.767333984375,1253.2093505859375,1853.4705810546875,1767.8302001953125,1468.390380859375,1703.658203125,1472.3480224609375,1817.9615478515625,1613.1246337890625,1682.8759765625,1833.389404296875,1665.30859375,1531.905029296875,1553.768798828125,1620.2591552734375
516.6593627929689,542.6307373046875,269.85134887695307,498.6349182128906,242.85739135742188,1407.19970703125,1373.416259765625,913.5750122070312,1812.1097412109373,336.9095458984375,1546.9930419921875,1635.200439453125,2434.663330078125,2034.1318359375,1826.1009521484373,1421.6915283203125,624.2125244140625,1723.199951171875,1815.7803955078125,191.8193817138672,1757.2520751953125,1745.044677734375,335.7733459472656,302.12799072265625,1857.826904296875,1620.5269775390625,1874.6566162109373,1748.2530517578125,1737.651123046875,1778.77978515625,1731.7232666015625,1154.6142578125,1609.9947509765625,934.5895385742188,1794.9486083984375,1731.15087890625,1126.3720703125,1739.7738037109375,1583.02099609375,1683.9093017578125,1737.829345703125,1595.8612060546875,1948.9912109375,1937.2197265625,1576.5562744140625,878.07568359375,1663.3250732421875,1911.8743896484373,1775.6845703125,1496.808837890625,1193.4537353515625,1536.2281494140625,1560.5360107421875,1854.8251953125,1560.228515625,1680.1494140625,1594.201904296875,1066.119873046875,1371.357421875,1635.9210205078125,1785.0673828125,1743.622314453125,1788.625732421875,1346.0399169921875,1239.42333984375,1771.280029296875,1756.882568359375,1073.8369140625,1817.1116943359373,1044.035888671875,1275.7431640625,1953.890869140625,1999.783935546875,1657.3690185546875,1384.0101318359375,538.8661499023439,1699.7138671875,1640.6854248046875,1509.447509765625,1933.609130859375,1588.1536865234375,2033.4375,1737.6591796875,1560.792724609375,1332.510009765625,1908.3446044921875,1376.3299560546875,1540.0291748046875,1502.43798828125,1973.5703125,1698.098388671875,1250.508056640625,1845.82275390625,1754.4547119140625,1458.4991455078125,1699.555419921875,1484.5491943359375,1820.950439453125,1608.6781005859375,1703.4158935546875,1846.9161376953125,1673.3170166015625,1529.6427001953125,1558.9317626953125,1609.8123779296875
515.9223022460939,545.775634765625,265.26358032226557,493.35052490234375,244.3300323486328,1402.2576904296875,1383.8006591796875,906.99365234375,1807.0528564453125,333.21710205078125,1549.13916015625,1632.5726318359375,2446.3095703125,2052.005126953125,1814.080810546875,1413.9517822265625,639.9270629882812,1733.5423583984375,1831.6558837890625,190.1150360107422,1754.6605224609375,1746.1448974609375,343.4278869628906,301.7818298339844,1846.961181640625,1631.3544921875,1874.3505859375,1748.9627685546875,1737.1778564453125,1784.9691162109375,1723.4935302734375,1159.76953125,1605.4012451171875,943.3960571289062,1789.0999755859375,1730.9434814453125,1110.7099609375,1736.8988037109375,1584.3299560546875,1681.5587158203125,1754.56640625,1593.376953125,1945.873779296875,1938.2659912109373,1581.94580078125,880.4793090820312,1661.350341796875,1894.9395751953125,1785.44140625,1492.9229736328125,1188.5401611328125,1536.22900390625,1563.1060791015625,1851.59033203125,1541.6903076171875,1666.0263671875,1610.534423828125,1075.4542236328123,1366.299560546875,1630.0440673828125,1776.5289306640625,1738.6448974609375,1796.1531982421875,1321.80419921875,1236.1727294921875,1760.1295166015625,1761.8638916015625,1073.8455810546877,1809.5718994140625,1034.4329833984377,1277.2525634765625,1955.2359619140625,2007.2554931640625,1658.7816162109375,1382.941650390625,539.399658203125,1690.5657958984375,1643.236083984375,1497.2879638671875,1925.5511474609373,1589.2994384765625,2042.4404296875,1739.364501953125,1559.614501953125,1330.0030517578125,1923.422119140625,1377.1241455078125,1546.7403564453125,1499.594970703125,1978.9666748046875,1705.072998046875,1251.0911865234375,1840.4110107421875,1749.6917724609375,1461.344482421875,1708.28076171875,1484.8629150390625,1820.958251953125,1599.47314453125,1698.075439453125,1840.8336181640625,1673.558349609375,1534.3680419921875,1561.5345458984375,1623.608154296875
511.9300842285156,537.32568359375,274.48709106445307,501.2615051269531,244.2683258056641,1392.13818359375,1378.8756103515625,913.3923950195312,1792.81298828125,340.0121154785156,1550.0550537109375,1636.570068359375,2431.210205078125,2027.0933837890625,1802.0736083984373,1411.0074462890625,630.375,1721.1168212890625,1823.0787353515625,190.5510711669922,1765.3209228515625,1743.2340087890625,332.39825439453125,294.052978515625,1847.5316162109373,1616.02880859375,1863.6910400390625,1753.719970703125,1732.851806640625,1783.48974609375,1730.5916748046875,1148.86328125,1605.7908935546875,946.5034790039062,1781.5784912109375,1732.8873291015625,1122.74169921875,1740.147216796875,1584.2786865234375,1681.9287109375,1743.3651123046875,1596.0367431640625,1936.8629150390625,1937.5552978515625,1583.7347412109375,879.6713256835938,1671.389892578125,1896.29931640625,1777.26416015625,1498.2191162109375,1196.1513671875,1525.0787353515625,1571.5118408203125,1860.2210693359373,1553.4307861328125,1672.4920654296875,1601.748291015625,1068.195556640625,1368.97900390625,1636.20654296875,1777.0933837890625,1738.7374267578125,1793.140380859375,1325.5048828125,1226.3533935546875,1763.2705078125,1757.4356689453125,1072.2796630859377,1817.520751953125,1052.504638671875,1279.5054931640625,1951.140869140625,2012.74462890625,1669.7364501953125,1385.3831787109375,549.290283203125,1682.6812744140625,1634.87890625,1492.7491455078125,1924.7427978515625,1587.8614501953125,2042.77099609375,1735.2218017578125,1566.96826171875,1320.092041015625,1918.21875,1387.2066650390625,1542.741943359375,1499.9814453125,1974.1285400390625,1692.1058349609375,1248.68896484375,1844.5540771484373,1760.4046630859375,1464.9339599609375,1707.996337890625,1493.1800537109375,1825.5087890625,1610.7706298828125,1702.0771484375,1845.3505859375,1671.3758544921875,1527.4534912109375,1552.471435546875,1606.6463623046875
511.5482177734375,545.870361328125,272.155029296875,496.9482421875,241.9790496826172,1397.9691162109375,1369.21142578125,909.1480102539062,1809.526123046875,335.50311279296875,1550.4263916015625,1633.6361083984375,2450.220458984375,2040.1463623046875,1821.7127685546875,1413.3912353515625,632.2986450195312,1725.6884765625,1820.7076416015625,195.246337890625,1750.3037109375,1741.131591796875,343.9219665527344,303.8157958984375,1846.7608642578125,1628.9227294921875,1859.6649169921875,1750.43994140625,1740.9697265625,1779.4512939453125,1728.03515625,1148.135986328125,1606.156005859375,927.3746948242188,1774.091064453125,1748.78759765625,1128.5904541015625,1739.5517578125,1583.5828857421875,1686.8460693359375,1744.04150390625,1595.99560546875,1937.8544921875,1931.1875,1576.562744140625,891.0713500976562,1663.7161865234375,1898.1644287109373,1774.2869873046875,1490.6690673828125,1190.6751708984375,1527.685546875,1562.330810546875,1853.9019775390625,1550.2130126953125,1669.5303955078125,1595.690185546875,1073.972412109375,1371.2691650390625,1638.094970703125,1784.9521484375,1739.6044921875,1789.19384765625,1322.2791748046875,1233.6365966796875,1770.572998046875,1750.9124755859375,1071.13671875,1814.299560546875,1045.469970703125,1273.6273193359375,1946.4163818359373,2006.5390625,1669.6668701171875,1382.0238037109375,539.1482543945311,1699.808837890625,1644.3414306640625,1492.1539306640625,1923.1304931640625,1583.3546142578125,2040.04150390625,1732.6710205078125,1570.9512939453125,1316.7884521484375,1914.5601806640625,1366.1619873046875,1554.6014404296875,1492.3551025390625,1969.5919189453125,1700.32568359375,1257.0262451171875,1841.731689453125,1749.3443603515625,1460.7176513671875,1695.91943359375,1485.1077880859375,1827.760498046875,1611.4498291015625,1702.1365966796875,1838.5645751953125,1663.0758056640625,1533.9267578125,1555.6031494140625,1619.8175048828125
512.1643676757811,541.7684936523439,269.49404907226557,496.5404357910156,246.47874450683597,1412.190673828125,1378.879638671875,924.2133178710938,1812.201904296875,339.95111083984375,1559.2738037109375,1633.0863037109375,2478.919921875,2054.966064453125,1826.266845703125,1409.770263671875,631.1873779296875,1730.5809326171875,1822.6851806640625,192.40023803710938,1751.4915771484375,1749.9404296875,349.4172668457031,299.71649169921875,1854.9990234375,1622.5980224609375,1865.247802734375,1761.097900390625,1741.19384765625,1778.3369140625,1730.5,1155.77392578125,1605.3203125,922.623046875,1787.975341796875,1743.8131103515625,1133.7476806640625,1752.83837890625,1587.14404296875,1689.0347900390625,1747.097412109375,1603.103271484375,1956.749755859375,1941.73974609375,1599.8525390625,876.0838012695312,1665.8466796875,1918.200439453125,1787.5257568359375,1497.637451171875,1187.959228515625,1535.19873046875,1555.72021484375,1863.7322998046875,1566.27685546875,1666.8572998046875,1604.38232421875,1077.194580078125,1372.3096923828125,1634.652099609375,1789.4097900390625,1745.5859375,1794.2530517578125,1335.779052734375,1237.3572998046875,1774.6072998046875,1751.6787109375,1084.433837890625,1813.7523193359373,1056.88916015625,1267.3924560546875,1961.2156982421875,1996.7845458984373,1671.3448486328125,1383.4794921875,540.11669921875,1706.2642822265625,1641.70166015625,1496.263671875,1917.41943359375,1590.6837158203125,2026.281005859375,1739.5423583984375,1562.9193115234375,1329.625732421875,1918.6949462890625,1353.0350341796875,1554.380859375,1497.3065185546875,1962.5374755859373,1686.45263671875,1249.6890869140625,1842.440185546875,1740.8887939453125,1459.071533203125,1709.9783935546875,1481.9849853515625,1822.2467041015625,1608.4443359375,1695.0687255859375,1838.360595703125,1654.2952880859375,1534.075927734375,1557.9075927734375,1620.7913818359375
510.5573120117188,531.16162109375,275.899169921875,498.099365234375,244.04530334472656,1396.7103271484375,1373.3690185546875,902.7821655273438,1804.6640625,327.0680236816406,1542.2890625,1625.9462890625,2451.577880859375,2029.0068359375,1822.6336669921875,1405.7913818359375,626.0783081054688,1722.0615234375,1809.465087890625,193.6016387939453,1751.9014892578125,1750.46630859375,337.1649475097656,299.302001953125,1866.18896484375,1627.5216064453125,1861.46630859375,1753.0931396484375,1743.0941162109375,1779.8675537109375,1720.2874755859375,1154.2413330078125,1609.21435546875,923.1769409179688,1792.5999755859375,1737.0244140625,1112.31005859375,1742.6785888671875,1581.9744873046875,1682.353271484375,1744.7681884765625,1602.391845703125,1950.3902587890625,1946.8355712890625,1581.6080322265625,896.9724731445312,1667.47705078125,1905.8785400390625,1773.9237060546875,1493.227294921875,1194.970703125,1530.09130859375,1572.8902587890625,1857.7750244140625,1563.0469970703125,1678.0804443359375,1601.64306640625,1068.71484375,1369.06640625,1632.509521484375,1794.5517578125,1730.7578125,1796.0762939453125,1345.783203125,1235.66162109375,1776.346435546875,1757.975341796875,1070.1357421875,1829.9293212890625,1050.1846923828123,1280.65771484375,1961.432373046875,2021.2960205078125,1669.15185546875,1388.5506591796875,542.6743774414061,1706.3360595703125,1648.30078125,1498.9129638671875,1933.9942626953125,1586.5517578125,2040.57568359375,1736.7974853515625,1568.1109619140625,1335.3016357421875,1911.5018310546875,1356.5755615234375,1542.385498046875,1502.2744140625,1964.6234130859373,1703.861572265625,1264.1370849609375,1853.2874755859373,1745.3258056640625,1465.8165283203125,1711.2574462890625,1490.5614013671875,1825.25146484375,1612.684326171875,1707.3350830078125,1835.6632080078125,1655.234375,1525.7901611328125,1557.23388671875,1618.2357177734375
507.9266662597656,534.3016967773439,266.81854248046875,492.82037353515625,245.2881164550781,1395.75,1377.0328369140625,914.6768188476562,1810.786376953125,332.588623046875,1549.535400390625,1639.088134765625,2437.22119140625,2027.8563232421875,1819.090087890625,1417.622314453125,626.8856811523438,1724.5531005859375,1808.330810546875,189.54698181152344,1749.2542724609375,1762.4681396484375,338.24951171875,297.81500244140625,1875.0750732421875,1631.358154296875,1864.832275390625,1749.945556640625,1734.4609375,1771.577880859375,1726.859375,1145.2611083984375,1612.6129150390625,934.005859375,1800.680908203125,1731.003662109375,1118.2464599609377,1737.4627685546875,1586.1253662109375,1684.4605712890625,1740.22412109375,1597.0189208984375,1941.735107421875,1943.2752685546875,1575.244384765625,889.0528564453125,1674.1356201171875,1912.46630859375,1777.31005859375,1497.7066650390625,1198.78076171875,1533.547607421875,1564.02734375,1855.64208984375,1554.5303955078125,1680.2117919921875,1599.5615234375,1054.649658203125,1370.736328125,1628.9425048828125,1798.3497314453125,1738.97900390625,1796.34228515625,1346.32958984375,1234.703369140625,1775.484375,1757.5562744140625,1079.8919677734377,1830.8961181640625,1039.6337890625,1272.4925537109375,1944.2164306640625,2018.90478515625,1660.71826171875,1384.049072265625,551.7335815429689,1707.8623046875,1641.2633056640625,1505.435302734375,1940.305908203125,1575.5472412109375,2036.9296875,1755.1947021484375,1578.8865966796875,1332.24755859375,1924.5189208984373,1364.2984619140625,1534.771728515625,1515.5758056640625,1979.9825439453125,1697.916748046875,1253.65673828125,1846.967529296875,1750.3314208984375,1464.703125,1704.9569091796875,1507.918212890625,1833.71484375,1619.634765625,1713.224365234375,1843.620849609375,1656.4554443359375,1538.279052734375,1568.2568359375,1618.4423828125
504.2595520019531,532.7669067382811,274.0830078125,495.2037353515625,243.38758850097656,1368.97021484375,1373.2332763671875,907.3822021484376,1804.413818359375,341.9978942871094,1531.6571044921875,1638.1895751953125,2412.98876953125,2008.9913330078125,1827.02099609375,1405.78564453125,626.6697998046875,1726.41650390625,1804.8133544921875,195.7104949951172,1743.663818359375,1756.4603271484375,351.2715759277344,293.9383850097656,1870.2366943359373,1629.6298828125,1857.4898681640625,1752.3173828125,1738.8734130859375,1773.8831787109375,1729.0748291015625,1153.3336181640625,1610.950439453125,926.5662231445312,1794.5062255859375,1735.3511962890625,1117.2462158203123,1748.6685791015625,1576.1988525390625,1685.7830810546875,1730.88916015625,1605.364501953125,1943.3106689453125,1948.6304931640625,1577.1187744140625,894.7730102539062,1671.8538818359375,1902.5877685546875,1779.7310791015625,1495.015625,1185.0194091796875,1528.6881103515625,1573.7261962890625,1860.70458984375,1561.39990234375,1681.4493408203125,1600.4241943359375,1057.619873046875,1368.4884033203125,1640.4447021484375,1789.12890625,1737.5374755859375,1794.7337646484375,1340.0731201171875,1233.5947265625,1766.0703125,1762.121337890625,1067.697265625,1835.11083984375,1045.736083984375,1266.486328125,1942.8653564453125,2024.9632568359373,1666.54931640625,1394.9849853515625,547.2393188476561,1688.1527099609375,1643.9288330078125,1498.0426025390625,1930.0625,1587.831787109375,2044.5263671875,1744.4849853515625,1570.8074951171875,1319.0484619140625,1905.31103515625,1360.7562255859375,1538.335693359375,1504.1378173828125,1973.5771484375,1701.5380859375,1245.6407470703125,1853.59619140625,1747.7208251953125,1457.702880859375,1712.5875244140625,1502.083984375,1821.35791015625,1612.048095703125,1717.571533203125,1838.2078857421875,1658.607177734375,1525.19091796875,1559.0384521484375,1615.3441162109375
509.0399475097656,533.905517578125,273.28964233398443,488.85162353515625,245.1414031982422,1386.0394287109375,1378.7738037109375,917.2236938476562,1816.9056396484373,331.9553527832031,1539.5382080078125,1642.1370849609375,2428.30078125,2033.4488525390625,1834.6595458984373,1419.16943359375,627.4116821289062,1734.045654296875,1818.58837890625,196.4886932373047,1745.3726806640625,1758.96826171875,341.7232360839844,293.3243408203125,1870.6322021484373,1630.858154296875,1870.99609375,1758.3935546875,1732.9708251953125,1773.566650390625,1721.908447265625,1156.1336669921875,1614.33447265625,935.0166625976562,1788.69677734375,1733.7086181640625,1118.475341796875,1734.8590087890625,1580.5272216796875,1686.1678466796875,1741.1956787109375,1596.45947265625,1943.37109375,1936.6358642578125,1578.7288818359375,880.38818359375,1662.9493408203125,1899.6011962890625,1779.2900390625,1494.98828125,1193.5771484375,1525.3798828125,1565.8912353515625,1839.1624755859373,1555.8265380859375,1680.1546630859375,1602.771728515625,1060.8017578125,1365.3896484375,1640.4215087890625,1790.2900390625,1735.2703857421875,1793.5673828125,1357.3095703125,1241.51220703125,1764.13037109375,1749.389892578125,1071.2860107421877,1832.4638671875,1048.906005859375,1275.776123046875,1947.546630859375,2004.0234375,1668.6451416015625,1399.7647705078125,545.4392700195311,1701.6715087890625,1644.8511962890625,1503.6597900390625,1931.9345703125,1584.607666015625,2041.705810546875,1747.6240234375,1587.7685546875,1334.2669677734375,1911.8355712890625,1364.060791015625,1546.3988037109375,1506.60888671875,1964.531494140625,1704.8082275390625,1248.9078369140625,1852.160400390625,1755.7286376953125,1467.076171875,1705.3299560546875,1509.94677734375,1823.8511962890625,1620.6968994140625,1725.9393310546875,1842.9281005859373,1677.31689453125,1542.25439453125,1560.842041015625,1627.8978271484375
511.5834045410156,531.3352661132811,272.03115844726557,499.96380615234375,249.49473571777344,1391.8734130859375,1367.63037109375,911.242919921875,1807.652099609375,338.968994140625,1534.0562744140625,1636.4317626953125,2416.103515625,2031.45947265625,1817.506591796875,1414.9453125,629.8088989257812,1723.8883056640625,1811.0157470703125,194.8022918701172,1755.679443359375,1756.680908203125,343.207763671875,296.4297180175781,1868.26025390625,1631.8251953125,1875.4381103515625,1752.7674560546875,1737.6063232421875,1774.483154296875,1732.4693603515625,1155.8892822265625,1612.6229248046875,935.6622314453124,1793.1749267578125,1736.4794921875,1119.0120849609377,1736.2127685546875,1582.1756591796875,1679.845458984375,1730.8714599609375,1592.6474609375,1937.2064208984373,1927.037841796875,1577.0863037109375,885.7809448242188,1669.5623779296875,1901.2490234375,1769.7572021484375,1490.5238037109375,1189.7640380859375,1517.5975341796875,1568.6597900390625,1861.6031494140625,1549.9993896484375,1673.0042724609375,1590.8890380859375,1066.9405517578123,1370.6947021484375,1633.4063720703125,1780.0064697265625,1732.34130859375,1791.76318359375,1356.7855224609375,1227.387939453125,1756.811279296875,1755.8863525390625,1068.755859375,1832.7933349609373,1038.760986328125,1280.914306640625,1949.2777099609373,2008.5867919921875,1659.0906982421875,1382.731689453125,541.6349487304689,1687.878173828125,1637.0413818359375,1488.4345703125,1943.6527099609373,1583.6925048828125,2038.957275390625,1752.296630859375,1564.767578125,1335.464111328125,1909.91259765625,1355.41064453125,1531.24755859375,1492.7027587890625,1963.199462890625,1692.2635498046875,1240.3260498046875,1849.1630859375,1753.7054443359375,1475.9407958984375,1703.680908203125,1495.94775390625,1820.3992919921875,1613.1583251953125,1707.5421142578125,1830.66650390625,1660.7342529296875,1530.321533203125,1556.3914794921875,1613.4722900390625
508.89190673828125,530.2774047851561,262.8012084960937,489.4140625,247.1199951171875,1395.6480712890625,1370.8330078125,900.50830078125,1803.1787109375,335.859130859375,1529.8870849609375,1627.1444091796875,2448.680419921875,2043.0943603515625,1828.40087890625,1425.3089599609375,640.6704711914062,1735.96240234375,1811.3924560546875,191.7039337158203,1752.1328125,1755.587158203125,347.6455993652344,296.98760986328125,1870.367431640625,1616.0452880859375,1870.1044921875,1754.3914794921875,1737.0811767578125,1768.9066162109375,1728.3326416015625,1143.6221923828125,1610.9931640625,929.4933471679688,1787.6812744140625,1727.7569580078125,1117.3646240234377,1733.64208984375,1579.414306640625,1680.678955078125,1731.6812744140625,1599.748291015625,1947.7867431640625,1945.5408935546875,1593.0003662109375,870.4780883789062,1670.729248046875,1905.8095703125,1772.8924560546875,1491.6884765625,1192.6629638671875,1524.9437255859375,1575.205322265625,1859.0592041015625,1545.9287109375,1683.223388671875,1594.21728515625,1062.611083984375,1366.588134765625,1633.7528076171875,1790.933837890625,1734.4603271484375,1792.0797119140625,1353.22900390625,1232.5732421875,1765.001220703125,1754.5709228515625,1075.38037109375,1825.7037353515625,1050.0166015625,1281.3336181640625,1941.817626953125,2009.4327392578125,1670.7777099609375,1381.1954345703125,542.2390747070311,1705.9625244140625,1637.5994873046875,1491.5107421875,1932.8218994140625,1592.31884765625,2037.3782958984373,1739.40380859375,1561.67626953125,1332.273193359375,1926.865966796875,1366.1644287109375,1529.953369140625,1503.3017578125,1965.0018310546875,1703.8076171875,1249.273193359375,1840.2626953125,1744.6490478515625,1461.4923095703125,1689.228759765625,1476.1829833984375,1820.3975830078125,1616.9234619140625,1703.2197265625,1838.702880859375,1664.7667236328125,1539.1695556640625,1552.19775390625,1608.268798828125
514.7335815429689,533.7289428710939,270.38836669921875,489.6527404785156,243.6350250244141,1390.2972412109375,1379.9771728515625,913.34912109375,1822.4820556640625,340.617919921875,1530.39501953125,1624.611328125,2451.380615234375,2028.02099609375,1827.7999267578125,1415.6820068359375,635.331298828125,1729.9959716796875,1805.750244140625,197.251708984375,1750.5035400390625,1749.2088623046875,339.74322509765625,302.4200134277344,1882.3563232421875,1631.15869140625,1861.8824462890625,1758.1611328125,1744.2685546875,1768.5802001953125,1726.8304443359375,1148.6478271484375,1610.7625732421875,922.6609497070312,1788.85302734375,1740.6375732421875,1115.9261474609377,1743.5435791015625,1591.7799072265625,1681.39501953125,1738.9344482421875,1594.2703857421875,1935.9864501953125,1945.897216796875,1581.4027099609375,882.9299926757812,1666.849365234375,1905.984130859375,1785.505126953125,1494.595458984375,1186.9534912109375,1529.015625,1567.09130859375,1848.85400390625,1558.1700439453125,1676.2607421875,1596.5537109375,1067.7415771484377,1369.004638671875,1628.8077392578125,1786.124755859375,1742.988525390625,1794.68359375,1349.4638671875,1233.102294921875,1769.6632080078125,1765.8468017578125,1078.8572998046877,1834.8140869140625,1047.353759765625,1285.50341796875,1950.0413818359373,2006.4263916015625,1662.427734375,1387.43115234375,540.1148071289061,1696.809814453125,1640.9959716796875,1500.8876953125,1931.4083251953125,1582.0672607421875,2040.54443359375,1746.8349609375,1557.2431640625,1338.6292724609375,1912.32421875,1368.413818359375,1531.2747802734375,1508.876220703125,1972.8531494140625,1691.3360595703125,1239.410400390625,1835.148681640625,1747.757568359375,1470.2965087890625,1703.595458984375,1483.9625244140625,1816.966064453125,1608.9827880859375,1689.8804931640625,1825.9456787109373,1643.4677734375,1524.5545654296875,1553.56787109375,1613.44189453125
505.7044982910156,536.2775268554689,270.1044311523437,490.0865478515625,242.90830993652344,1376.1483154296875,1371.7520751953125,894.9409790039062,1826.980224609375,335.5384521484375,1538.8201904296875,1623.4749755859375,2443.098388671875,2008.0537109375,1829.7021484375,1398.5419921875,627.288330078125,1719.827880859375,1800.2789306640625,192.1953430175781,1747.4808349609375,1748.483642578125,352.3104248046875,291.6985168457031,1872.1790771484373,1630.0230712890625,1843.7593994140625,1765.94873046875,1732.2611083984375,1771.0797119140625,1730.6829833984375,1153.9547119140625,1607.1986083984375,914.4201049804688,1792.9879150390625,1734.04931640625,1107.446533203125,1739.4619140625,1580.10400390625,1677.279541015625,1734.6959228515625,1596.306396484375,1946.51025390625,1934.04931640625,1576.043701171875,887.3614501953125,1669.92578125,1911.5567626953125,1785.36474609375,1492.0352783203125,1189.3619384765625,1524.039306640625,1569.8101806640625,1850.691162109375,1560.1851806640625,1680.8643798828125,1597.2396240234375,1081.3023681640623,1372.9840087890625,1635.5831298828125,1786.108154296875,1751.3363037109375,1792.15625,1349.7972412109375,1235.1890869140625,1773.06396484375,1760.0047607421875,1066.9332275390623,1834.50927734375,1054.9080810546877,1270.5211181640625,1946.2633056640625,2021.0631103515625,1676.498291015625,1391.4046630859375,540.452880859375,1696.1224365234375,1639.7213134765625,1503.69677734375,1934.811279296875,1590.1705322265625,2035.821533203125,1733.9163818359375,1561.5784912109375,1323.49267578125,1910.8863525390625,1360.65185546875,1538.57275390625,1504.6513671875,1971.2445068359373,1693.885009765625,1247.3238525390625,1837.890869140625,1746.0438232421875,1462.59716796875,1703.3558349609375,1491.6593017578125,1814.3431396484373,1611.35302734375,1700.6329345703125,1832.108154296875,1657.4498291015625,1525.7183837890625,1544.755859375,1613.9124755859375
515.0021362304689,540.11328125,271.88327026367193,501.0828552246094,247.50457763671875,1406.4398193359375,1392.005126953125,917.684326171875,1809.196533203125,331.5006408691406,1561.892822265625,1629.1201171875,2465.41845703125,2040.81787109375,1815.367431640625,1425.73486328125,619.00244140625,1722.8248291015625,1819.0238037109373,193.7273406982422,1761.794189453125,1755.262939453125,346.7235107421875,306.95697021484375,1854.7646484375,1629.088134765625,1869.6318359375,1754.2691650390625,1736.765380859375,1785.1220703125,1726.9013671875,1152.9866943359375,1599.2537841796875,941.3028564453124,1795.06640625,1732.2637939453125,1117.9906005859377,1744.1270751953125,1591.8565673828125,1688.8681640625,1747.7896728515625,1601.159423828125,1952.4281005859373,1939.87890625,1582.346435546875,889.033935546875,1669.37060546875,1904.402587890625,1783.7867431640625,1496.3612060546875,1184.423828125,1534.25439453125,1569.1778564453125,1864.4407958984373,1558.2208251953125,1670.0452880859375,1599.0126953125,1065.3397216796877,1369.244873046875,1633.326171875,1799.044189453125,1745.808837890625,1795.8792724609375,1332.15869140625,1237.5504150390625,1776.9459228515625,1757.50244140625,1074.800537109375,1815.4942626953125,1046.619873046875,1284.915771484375,1956.92431640625,2019.51171875,1672.41796875,1382.278076171875,542.8521728515625,1712.3785400390625,1643.7216796875,1504.087158203125,1933.8929443359373,1585.7532958984375,2031.2545166015625,1743.5577392578125,1566.3929443359375,1340.575927734375,1918.7125244140625,1368.351318359375,1540.4022216796875,1500.642333984375,1960.33056640625,1697.4019775390625,1257.281494140625,1847.5225830078125,1752.9080810546875,1462.5738525390625,1714.880615234375,1483.305908203125,1826.2777099609373,1609.5772705078125,1714.1192626953125,1842.337158203125,1671.1265869140625,1538.4228515625,1564.3961181640625,1619.5811767578125
515.55078125,540.6783447265625,276.17587280273443,498.8870849609375,259.493896484375,1410.4873046875,1385.095458984375,916.6078491210938,1798.323974609375,337.6956481933594,1552.6632080078125,1614.9549560546875,2464.730712890625,2035.8350830078125,1805.6007080078125,1406.7861328125,636.1354370117188,1726.386962890625,1806.18212890625,198.2873992919922,1761.9251708984375,1753.7364501953125,338.41510009765625,299.84893798828125,1856.8355712890625,1627.3883056640625,1865.41162109375,1747.6622314453125,1744.402099609375,1789.9744873046875,1734.530029296875,1148.4527587890625,1602.0435791015625,935.8200073242188,1786.31005859375,1731.6153564453125,1133.6763916015625,1737.393310546875,1583.6048583984375,1680.7774658203125,1750.5045166015625,1593.629150390625,1953.2999267578125,1945.1552734375,1601.2440185546875,884.0773315429688,1674.1207275390625,1890.8326416015625,1774.5855712890625,1491.8636474609375,1187.0679931640625,1546.41064453125,1565.1656494140625,1871.8250732421875,1568.2667236328125,1671.8050537109375,1602.8609619140625,1069.878173828125,1374.3089599609375,1628.0111083984375,1796.6256103515625,1742.6566162109375,1798.2073974609375,1343.0714111328125,1235.84228515625,1777.92236328125,1751.1229248046875,1078.7073974609377,1836.2476806640625,1046.8209228515623,1276.1920166015625,1964.961181640625,2019.3233642578125,1658.766845703125,1386.0003662109375,543.4002075195311,1716.0615234375,1641.6551513671875,1500.9912109375,1928.596435546875,1596.902587890625,2031.6619873046875,1738.926025390625,1567.012939453125,1328.320068359375,1913.1688232421875,1359.1669921875,1539.6622314453125,1492.2926025390625,1965.057373046875,1699.4029541015625,1242.864501953125,1854.2359619140625,1746.593505859375,1464.980712890625,1718.83837890625,1492.1536865234375,1825.4913330078125,1618.0242919921875,1712.9940185546875,1833.8599853515625,1669.375,1538.2606201171875,1566.2926025390625,1611.3272705078125
523.1246337890625,531.2186279296875,261.13229370117193,497.0273132324219,249.79782104492188,1415.2952880859375,1385.707763671875,907.1499633789062,1805.782470703125,340.07275390625,1554.6331787109375,1634.1221923828125,2465.595703125,2046.4759521484373,1809.2259521484373,1417.0062255859375,626.25439453125,1724.3814697265625,1811.9573974609373,201.28305053710938,1753.9588623046875,1755.5904541015625,352.63507080078125,298.5716552734375,1878.336181640625,1626.2158203125,1878.3812255859373,1752.6868896484375,1744.2899169921875,1777.3521728515625,1730.6361083984375,1159.728759765625,1605.1533203125,936.8707885742188,1809.057373046875,1735.0491943359375,1127.3431396484375,1735.1904296875,1586.373779296875,1683.6322021484375,1737.0772705078125,1591.7867431640625,1949.8533935546875,1947.0452880859373,1600.3533935546875,875.0661010742188,1659.4715576171875,1918.3992919921875,1786.0672607421875,1494.4462890625,1192.257080078125,1537.4324951171875,1564.9532470703125,1850.7607421875,1572.332275390625,1686.575927734375,1603.1204833984375,1065.2740478515623,1367.9990234375,1631.074462890625,1797.755126953125,1743.8824462890625,1802.47412109375,1355.320556640625,1237.8187255859375,1770.394775390625,1763.5087890625,1089.240966796875,1839.354248046875,1053.9229736328123,1283.6639404296875,1964.2947998046875,2022.8677978515625,1671.5672607421875,1394.8955078125,542.6185302734375,1718.0003662109375,1643.740966796875,1500.2752685546875,1936.2244873046875,1589.28662109375,2038.140380859375,1741.865966796875,1560.0849609375,1331.904541015625,1913.0531005859373,1364.7633056640625,1536.48046875,1500.5550537109375,1968.7584228515625,1694.6802978515625,1258.3447265625,1854.9029541015625,1751.823974609375,1459.38037109375,1712.4432373046875,1486.339111328125,1829.2099609375,1611.22021484375,1704.3040771484375,1851.433349609375,1673.689453125,1529.2550048828125,1564.2933349609375,1616.8758544921875
519.0048828125,530.496826171875,265.5130615234375,490.25787353515625,246.8203582763672,1397.8226318359375,1388.5579833984375,907.66015625,1813.156005859375,328.72906494140625,1542.5745849609375,1642.5789794921875,2445.160400390625,2040.5789794921875,1809.21240234375,1423.4068603515625,625.1546630859375,1725.8602294921875,1809.9561767578125,189.3739471435547,1756.49462890625,1762.6058349609375,345.0823059082031,298.46478271484375,1872.03369140625,1631.8280029296875,1893.0748291015625,1759.0341796875,1747.7830810546875,1781.777099609375,1728.8492431640625,1156.7161865234375,1618.6973876953125,930.2859497070312,1812.0411376953125,1738.358154296875,1121.90087890625,1738.4302978515625,1585.8101806640625,1689.9658203125,1739.2178955078125,1599.1617431640625,1957.0032958984373,1950.6773681640625,1588.5986328125,875.5818481445312,1669.0341796875,1911.977783203125,1785.7259521484375,1496.35693359375,1190.959716796875,1533.417724609375,1557.41064453125,1857.359375,1567.80615234375,1677.4013671875,1598.550537109375,1056.2073974609377,1368.9119873046875,1628.8427734375,1791.6800537109375,1742.1165771484375,1798.003662109375,1362.393310546875,1232.994873046875,1770.6773681640625,1754.0040283203125,1087.267578125,1823.6630859375,1049.2659912109377,1282.074462890625,1966.066650390625,2004.7822265625,1669.13818359375,1383.225830078125,539.6724243164061,1699.230712890625,1638.2548828125,1493.4097900390625,1941.186279296875,1586.18408203125,2037.11083984375,1742.9915771484375,1543.5933837890625,1322.9814453125,1905.453369140625,1350.0819091796875,1535.4283447265625,1488.361083984375,1960.3519287109373,1692.0537109375,1261.7022705078125,1853.2413330078125,1747.351806640625,1464.6253662109375,1713.607421875,1478.6142578125,1816.915283203125,1611.4974365234375,1685.1510009765625,1832.6737060546875,1665.2490234375,1534.734130859375,1553.3914794921875,1616.0322265625
506.7687072753906,530.483642578125,259.58358764648443,490.11529541015625,248.88150024414062,1387.0828857421875,1379.1533203125,907.373046875,1818.0960693359373,335.83392333984375,1541.1219482421875,1636.274658203125,2438.660888671875,2025.4757080078125,1806.101806640625,1418.8441162109375,619.6425170898438,1734.6826171875,1815.2431640625,190.0829620361328,1757.5479736328125,1751.778564453125,346.7831726074219,299.7817077636719,1868.424560546875,1627.5950927734375,1891.0423583984373,1768.0306396484375,1745.6546630859375,1783.8065185546875,1729.37109375,1160.264892578125,1619.686279296875,936.0542602539062,1802.033935546875,1729.8585205078125,1114.4052734375,1734.468994140625,1588.267822265625,1685.91162109375,1744.0255126953125,1588.38330078125,1948.832275390625,1938.3341064453125,1579.659423828125,877.7992553710938,1662.9951171875,1910.4261474609373,1784.1767578125,1502.051025390625,1190.758544921875,1525.32763671875,1559.48193359375,1858.9071044921875,1568.15576171875,1676.82958984375,1593.8599853515625,1056.5089111328123,1365.6124267578125,1624.2158203125,1790.464599609375,1729.4921875,1799.214599609375,1354.9671630859375,1232.8314208984375,1769.6722412109375,1755.6343994140625,1082.545166015625,1834.458251953125,1044.6925048828123,1287.3433837890625,1974.7701416015625,2007.3272705078125,1659.2186279296875,1384.1231689453125,540.19873046875,1696.6634521484375,1642.039306640625,1500.6688232421875,1947.299560546875,1585.2794189453125,2038.7325439453125,1742.131591796875,1552.6839599609375,1328.5377197265625,1900.752197265625,1366.4970703125,1531.8546142578125,1496.4498291015625,1954.087158203125,1691.027099609375,1249.0628662109375,1854.86328125,1753.973876953125,1465.9451904296875,1697.581298828125,1485.007568359375,1817.1181640625,1608.16943359375,1700.1806640625,1830.2384033203125,1667.571044921875,1521.5667724609375,1555.1845703125,1616.585205078125
515.4490356445311,530.9620971679689,272.91876220703125,488.0033874511719,251.7428741455078,1398.8233642578125,1372.359619140625,916.0101928710938,1819.33349609375,344.1356506347656,1549.173828125,1631.7760009765625,2452.477294921875,2040.0228271484373,1829.4044189453125,1418.0625,632.6953735351562,1727.1148681640625,1813.570068359375,199.7913818359375,1752.66162109375,1756.627685546875,344.8034973144531,301.8024597167969,1865.684814453125,1608.666259765625,1888.71533203125,1760.4876708984375,1744.280517578125,1784.2711181640625,1737.6865234375,1156.4271240234375,1616.5745849609375,939.1560668945312,1797.384033203125,1734.8446044921875,1126.8673095703125,1733.1168212890625,1584.5784912109375,1681.41357421875,1742.4930419921875,1593.4755859375,1946.9801025390625,1936.6761474609373,1588.6837158203125,883.9879760742188,1668.8179931640625,1891.0450439453125,1763.2421875,1499.4356689453125,1186.230224609375,1533.333740234375,1568.737548828125,1852.8909912109373,1556.6907958984375,1667.0281982421875,1607.8133544921875,1070.08544921875,1373.3677978515625,1625.5069580078125,1791.6776123046875,1745.2711181640625,1784.5537109375,1342.6173095703125,1239.907958984375,1757.0205078125,1753.369873046875,1082.152587890625,1816.3404541015625,1046.0362548828123,1291.560302734375,1957.4122314453125,1992.0357666015625,1660.3890380859375,1388.5413818359375,537.1507568359375,1699.3082275390625,1645.2816162109375,1492.0838623046875,1940.355712890625,1585.964111328125,2033.4197998046875,1743.93798828125,1569.3092041015625,1333.4493408203125,1910.3665771484373,1377.554931640625,1537.7611083984375,1509.234130859375,1973.6513671875,1699.16943359375,1258.149169921875,1852.759033203125,1751.665283203125,1466.037109375,1703.654541015625,1492.03369140625,1828.8861083984373,1614.574951171875,1697.2232666015625,1835.7586669921875,1669.5562744140625,1536.84912109375,1563.6507568359375,1618.0347900390625
514.1563110351561,534.824951171875,273.65505981445307,487.680419921875,249.93923950195312,1383.4263916015625,1376.392578125,913.8123168945312,1838.1412353515625,334.6859130859375,1536.0709228515625,1641.5335693359375,2445.070556640625,2019.1583251953125,1833.3828125,1421.998779296875,632.6256713867188,1731.0772705078125,1811.0179443359373,196.6560821533203,1750.5205078125,1761.963623046875,348.23651123046875,294.3410949707031,1870.2130126953125,1624.903076171875,1880.605712890625,1758.83984375,1741.822021484375,1777.894775390625,1735.66796875,1144.85107421875,1620.6903076171875,941.8595581054688,1794.0552978515625,1742.205810546875,1122.0263671875,1742.2332763671875,1581.3687744140625,1680.336669921875,1739.2388916015625,1601.048828125,1944.99365234375,1944.234375,1579.9091796875,881.6622924804688,1678.7274169921875,1905.4046630859373,1784.5015869140625,1497.6795654296875,1179.73046875,1527.8653564453125,1565.9066162109375,1849.3076171875,1547.8240966796875,1672.5628662109375,1591.5887451171875,1062.2216796875,1372.395751953125,1638.9586181640625,1797.464599609375,1741.3043212890625,1779.13916015625,1349.237548828125,1219.3861083984375,1762.19384765625,1755.4122314453125,1085.0941162109377,1824.2913818359373,1052.2359619140623,1290.0247802734375,1952.7054443359373,1987.58740234375,1662.2698974609375,1377.9267578125,542.8224487304689,1706.2222900390625,1635.9151611328125,1496.9404296875,1941.6571044921875,1580.09423828125,2040.222412109375,1749.9251708984375,1568.0628662109375,1328.9261474609375,1906.649658203125,1378.2662353515625,1535.850830078125,1506.0042724609375,1966.18115234375,1698.1553955078125,1262.5289306640625,1856.4678955078125,1759.995849609375,1462.4061279296875,1711.1488037109375,1487.6839599609375,1816.08837890625,1607.0234375,1693.3052978515625,1832.4886474609373,1659.1441650390625,1533.98046875,1559.8848876953125,1608.7777099609375
505.4482421875,534.3544311523439,267.94131469726557,489.3657531738281,241.9242401123047,1396.68701171875,1380.4444580078125,921.4080810546876,1830.32568359375,334.85345458984375,1556.470458984375,1649.6029052734375,2434.951171875,2035.66552734375,1825.4669189453125,1433.397216796875,632.0552368164062,1732.117431640625,1826.06884765625,187.2875823974609,1757.926025390625,1751.5003662109375,340.7337951660156,300.1351623535156,1864.469970703125,1621.4515380859375,1892.6229248046875,1770.765380859375,1734.7554931640625,1774.0257568359375,1739.606689453125,1161.1337890625,1621.5455322265625,953.2501831054688,1797.0992431640625,1729.9576416015625,1124.8140869140623,1747.44921875,1581.415771484375,1691.0704345703125,1756.240966796875,1605.5048828125,1950.0799560546875,1941.02099609375,1578.2203369140625,877.4978637695312,1658.743408203125,1909.4898681640625,1775.50390625,1486.5433349609375,1192.5111083984375,1540.2138671875,1562.3199462890625,1868.4561767578125,1562.92822265625,1677.54443359375,1594.1976318359375,1059.626708984375,1358.412109375,1639.650146484375,1789.5030517578125,1747.898681640625,1784.53271484375,1353.16015625,1224.4744873046875,1762.268310546875,1752.89306640625,1084.852294921875,1827.6322021484373,1044.013671875,1293.60107421875,1967.3746337890625,2002.7230224609373,1670.328857421875,1375.3450927734375,550.6189575195311,1702.137451171875,1638.4246826171875,1491.152587890625,1936.8095703125,1585.998779296875,2025.4656982421875,1751.33837890625,1569.1689453125,1325.484130859375,1909.92724609375,1375.0323486328125,1539.6922607421875,1509.031494140625,1969.203369140625,1688.9566650390625,1248.808837890625,1853.4677734375,1759.0703125,1454.376953125,1714.7529296875,1500.105712890625,1824.0865478515625,1609.5745849609375,1698.6356201171875,1840.852783203125,1672.4794921875,1530.0303955078125,1552.159912109375,1618.6611328125
513.125244140625,537.3013916015625,273.13534545898443,493.23431396484375,242.3261260986328,1395.6046142578125,1383.3931884765625,920.7704467773438,1825.9501953125,336.2449951171875,1549.8304443359375,1640.35546875,2423.90234375,2035.4097900390625,1817.3758544921875,1437.2669677734375,648.8191528320312,1730.1806640625,1822.5657958984373,190.6651306152344,1765.27880859375,1759.2896728515625,351.7403259277344,300.99578857421875,1874.1190185546875,1623.5452880859375,1895.608154296875,1769.3587646484375,1745.8939208984375,1779.804931640625,1733.64306640625,1164.708251953125,1614.3963623046875,944.5662841796876,1796.609619140625,1731.386962890625,1128.0919189453125,1742.9185791015625,1584.4638671875,1683.718017578125,1735.2633056640625,1598.4727783203125,1945.0140380859373,1924.4158935546875,1574.4072265625,878.4346313476562,1667.8511962890625,1901.9525146484373,1767.704345703125,1503.158935546875,1186.4501953125,1521.0892333984375,1572.532958984375,1856.47412109375,1555.596435546875,1669.615234375,1591.7904052734375,1055.4404296875,1368.0855712890625,1633.9302978515625,1790.7230224609375,1733.4383544921875,1787.2288818359375,1369.456298828125,1232.2313232421875,1768.9630126953125,1754.9228515625,1090.395263671875,1833.17724609375,1033.5556640625,1293.0443115234375,1963.5931396484373,1994.2235107421875,1669.3941650390625,1377.958984375,545.3721313476561,1695.2095947265625,1640.643798828125,1490.7569580078125,1948.52197265625,1584.826171875,2041.277587890625,1751.8824462890625,1563.80078125,1322.6220703125,1908.4586181640625,1384.6983642578125,1544.6370849609375,1493.303955078125,1955.473876953125,1693.1959228515625,1252.93896484375,1849.076904296875,1763.7080078125,1473.2930908203125,1712.5875244140625,1476.464111328125,1825.4603271484373,1608.4918212890625,1706.748779296875,1829.9456787109373,1671.7060546875,1546.3638916015625,1557.0782470703125,1619.3896484375
513.15625,536.4205932617189,263.6048583984375,501.53741455078125,244.1053924560547,1395.5460205078125,1368.7252197265625,910.3468627929688,1816.0936279296875,328.4070739746094,1542.6837158203125,1628.8590087890625,2423.360107421875,2027.7738037109373,1835.6361083984373,1427.60693359375,639.1689453125,1721.2152099609375,1817.9652099609373,183.3236083984375,1757.78369140625,1758.4173583984375,340.3013000488281,296.1153564453125,1860.5296630859373,1617.9434814453125,1884.2049560546875,1768.40869140625,1738.34228515625,1768.453369140625,1732.90087890625,1159.7255859375,1617.6102294921875,946.8467407226562,1791.59619140625,1730.5723876953125,1130.0184326171875,1740.15869140625,1583.5008544921875,1680.3251953125,1731.245849609375,1594.34326171875,1955.2158203125,1930.8890380859373,1577.29541015625,881.25341796875,1664.7637939453125,1903.707275390625,1781.3663330078125,1490.2388916015625,1190.751220703125,1527.8890380859375,1566.18994140625,1855.479248046875,1561.2938232421875,1672.4652099609375,1591.4000244140625,1065.3662109375,1365.947021484375,1627.706298828125,1763.50537109375,1736.2625732421875,1790.5540771484375,1352.4833984375,1234.7347412109375,1780.3089599609375,1755.1839599609375,1089.8857421875,1835.0941162109373,1032.6290283203123,1297.1138916015625,1950.7725830078125,2003.1181640625,1667.9676513671875,1395.667724609375,548.0371704101561,1686.9818115234375,1640.7161865234375,1503.4033203125,1938.1650390625,1588.0262451171875,2032.8179931640625,1744.6180419921875,1571.645751953125,1325.235107421875,1909.5654296875,1382.1588134765625,1538.030029296875,1501.2711181640625,1964.6973876953125,1693.100341796875,1249.0760498046875,1836.3104248046875,1762.9136962890625,1465.25927734375,1699.34228515625,1489.3447265625,1823.30615234375,1608.0211181640625,1702.5911865234375,1830.975341796875,1679.402587890625,1538.2298583984375,1560.3408203125,1615.717041015625
505.2917785644531,535.482421875,269.93777465820307,494.9415588378906,245.9024658203125,1388.62890625,1370.1810302734375,923.46875,1814.0941162109373,333.0093994140625,1559.1376953125,1637.724365234375,2444.003173828125,2029.9453125,1823.080810546875,1428.1644287109375,635.1575317382812,1733.20166015625,1810.72509765625,189.69483947753903,1753.126220703125,1755.6710205078125,340.6518249511719,300.8194274902344,1869.445068359375,1627.06103515625,1873.0335693359373,1756.8056640625,1736.7757568359375,1784.3101806640625,1737.0867919921875,1148.3516845703125,1616.93798828125,942.8846435546876,1793.42724609375,1738.1400146484375,1114.68896484375,1745.8548583984375,1582.3477783203125,1681.4886474609375,1747.0947265625,1595.720947265625,1943.637939453125,1936.0643310546875,1572.666015625,874.2930908203125,1667.25830078125,1909.4547119140625,1767.29052734375,1500.167236328125,1195.2923583984375,1520.9674072265625,1567.7969970703125,1860.9456787109373,1558.9500732421875,1666.0576171875,1591.0150146484375,1066.040283203125,1372.2149658203125,1625.8743896484375,1776.1527099609375,1738.1844482421875,1791.284912109375,1357.0953369140625,1235.80419921875,1783.2275390625,1747.3701171875,1093.17041015625,1832.667724609375,1038.6864013671877,1292.899658203125,1944.5174560546875,2006.8262939453125,1660.7103271484375,1392.681640625,552.6905517578125,1679.114501953125,1643.8699951171875,1494.6595458984375,1936.3160400390625,1601.5035400390625,2040.2637939453125,1731.74560546875,1549.4742431640625,1325.02001953125,1916.7921142578125,1382.75146484375,1544.8502197265625,1503.424560546875,1967.6578369140625,1689.8026123046875,1249.287841796875,1837.9312744140625,1746.15380859375,1468.5677490234375,1707.6279296875,1470.015869140625,1821.0406494140625,1602.1116943359375,1692.42041015625,1837.8603515625,1662.310791015625,1534.3941650390625,1562.566650390625,1612.2237548828125
512.7433471679689,537.466064453125,269.12478637695307,496.2524108886719,249.8955383300781,1396.527099609375,1385.3438720703125,917.0453491210938,1807.13916015625,341.14910888671875,1551.7398681640625,1623.5218505859375,2452.60888671875,2022.5474853515625,1812.6422119140625,1420.612548828125,637.56884765625,1720.5316162109375,1812.54443359375,196.41722106933597,1753.1409912109375,1748.6090087890625,344.9354553222656,298.45904541015625,1868.2562255859373,1618.8336181640625,1856.52490234375,1755.1351318359375,1734.6102294921875,1782.62646484375,1733.2999267578125,1154.2843017578125,1609.849609375,934.7893676757812,1796.8641357421875,1732.3651123046875,1131.1829833984375,1734.6009521484375,1583.9879150390625,1692.0062255859375,1740.380859375,1599.2294921875,1944.0836181640625,1943.4990234375,1583.8370361328125,884.61083984375,1666.400390625,1905.2921142578125,1776.2857666015625,1490.0091552734375,1193.54443359375,1522.5257568359375,1569.4527587890625,1858.9761962890625,1569.9625244140625,1682.77587890625,1603.39453125,1067.5546875,1374.344482421875,1636.0325927734375,1773.8265380859375,1738.7467041015625,1801.080810546875,1353.1776123046875,1231.674072265625,1786.4366455078125,1757.2041015625,1077.109619140625,1821.8861083984373,1038.224609375,1271.7203369140625,1958.0706787109373,2009.940185546875,1662.7105712890625,1385.515380859375,544.6957397460939,1686.04052734375,1641.0277099609375,1499.1839599609375,1925.630126953125,1590.9571533203125,2039.31494140625,1737.9150390625,1547.32763671875,1329.595458984375,1911.65625,1364.2794189453125,1536.5721435546875,1500.1602783203125,1965.0750732421875,1694.6234130859375,1260.195556640625,1850.7752685546875,1751.997314453125,1462.75,1705.1370849609375,1485.9166259765625,1818.4278564453125,1610.8470458984375,1701.07666015625,1840.794189453125,1659.301513671875,1533.4072265625,1557.6748046875,1614.8983154296875
518.0570678710939,532.196044921875,268.21926879882807,499.26983642578125,244.5068359375,1413.9324951171875,1386.135498046875,922.1853637695312,1803.4224853515625,335.0062255859375,1563.4593505859375,1634.3402099609375,2497.533935546875,2060.14111328125,1822.622314453125,1430.626708984375,634.1146850585938,1725.7021484375,1827.656005859375,190.2359771728516,1752.196533203125,1745.4853515625,349.5282287597656,297.8562316894531,1861.8382568359373,1628.9732666015625,1858.62109375,1759.0511474609375,1736.575439453125,1779.0953369140625,1724.950439453125,1161.0238037109375,1612.9322509765625,932.9965209960938,1786.731689453125,1738.9984130859375,1130.447265625,1738.354248046875,1586.1163330078125,1681.2098388671875,1748.8677978515625,1600.2103271484375,1948.4654541015625,1945.3521728515625,1595.1046142578125,881.63720703125,1670.0093994140625,1912.86181640625,1785.2601318359375,1497.527587890625,1193.6396484375,1536.353759765625,1564.1580810546875,1864.156494140625,1571.9246826171875,1671.939208984375,1607.32373046875,1069.8140869140623,1372.2958984375,1631.6656494140625,1781.4332275390625,1737.5042724609375,1784.3651123046875,1343.4984130859375,1241.6724853515625,1784.05859375,1754.6871337890625,1084.10009765625,1818.4708251953125,1053.7783203125,1274.218994140625,1959.8035888671875,1998.712890625,1660.8773193359375,1390.1380615234375,549.170654296875,1698.240234375,1634.218505859375,1500.732421875,1921.7835693359373,1582.3048095703125,2026.9945068359373,1742.3134765625,1566.206787109375,1327.5230712890625,1917.0927734375,1350.2816162109375,1548.1279296875,1503.16845703125,1977.874755859375,1693.252197265625,1255.894287109375,1843.1175537109373,1747.6270751953125,1465.20703125,1689.396484375,1483.467529296875,1832.088623046875,1605.4449462890625,1721.6431884765625,1838.2545166015625,1667.59326171875,1541.000732421875,1565.2161865234375,1622.6026611328125
523.7634887695311,542.6417846679689,272.7670288085937,500.7088928222656,250.2447509765625,1429.7445068359375,1394.91748046875,935.3079833984376,1809.2135009765625,338.435791015625,1569.047607421875,1639.4876708984375,2491.962158203125,2066.360107421875,1806.31005859375,1428.22607421875,650.8804931640625,1723.6563720703125,1823.531494140625,190.9752197265625,1762.57275390625,1746.1839599609375,336.9165954589844,297.2041015625,1864.8187255859373,1624.6156005859375,1872.4678955078125,1748.612060546875,1740.3714599609375,1775.505859375,1730.1241455078125,1153.9957275390625,1602.7384033203125,945.1980590820312,1786.24072265625,1743.0439453125,1119.19970703125,1730.48681640625,1591.9564208984375,1684.3558349609375,1740.864501953125,1588.3817138671875,1943.7935791015625,1941.1982421875,1603.3582763671875,865.3655395507812,1659.3251953125,1894.840087890625,1773.7698974609375,1494.4254150390625,1182.080810546875,1540.7794189453125,1564.7550048828125,1857.0279541015625,1562.5653076171875,1667.7877197265625,1603.070068359375,1079.80419921875,1367.1820068359375,1636.9339599609375,1794.6136474609375,1739.332275390625,1779.7886962890625,1326.289794921875,1238.6612548828125,1775.2679443359375,1763.00927734375,1085.0341796875,1810.5982666015625,1040.88671875,1286.165771484375,1966.090087890625,1991.4671630859373,1667.6717529296875,1376.2144775390625,535.9978637695311,1707.821533203125,1639.4482421875,1499.6605224609375,1917.808837890625,1581.4482421875,2028.5242919921875,1733.1513671875,1552.299560546875,1328.9365234375,1909.5185546875,1369.5472412109375,1543.1480712890625,1493.3245849609375,1966.5823974609373,1688.7159423828125,1257.53466796875,1840.5592041015625,1746.0137939453125,1461.8291015625,1698.334716796875,1476.90185546875,1811.9996337890625,1609.4010009765625,1692.199951171875,1842.2183837890625,1661.8355712890625,1526.3616943359375,1548.9700927734375,1615.3402099609375
520.9450073242189,545.7621459960939,267.5140991210937,498.5948791503906,241.3846435546875,1419.54443359375,1394.6019287109375,925.6644897460938,1821.0745849609373,336.831787109375,1552.2313232421875,1635.081787109375,2457.117919921875,2049.357421875,1796.19287109375,1424.5435791015625,645.4807739257812,1719.3931884765625,1817.35302734375,190.8961639404297,1764.6038818359375,1737.8338623046875,338.9513244628906,299.5935974121094,1860.9613037109373,1627.763671875,1865.9599609375,1765.4666748046875,1743.945556640625,1780.36181640625,1733.9935302734375,1166.0751953125,1609.7769775390625,940.065185546875,1784.752685546875,1734.781494140625,1128.4676513671875,1723.4254150390625,1580.3668212890625,1688.3975830078125,1738.4019775390625,1590.1102294921875,1946.4886474609373,1936.1578369140625,1590.302001953125,884.7380981445312,1670.541259765625,1903.4609375,1777.16796875,1490.2406005859375,1198.536865234375,1535.750244140625,1565.683349609375,1865.5517578125,1560.2991943359375,1667.352783203125,1593.9228515625,1082.5770263671877,1362.2435302734375,1637.772705078125,1795.086181640625,1739.5146484375,1789.163818359375,1323.9197998046875,1233.2109375,1761.0501708984375,1763.0333251953125,1082.5008544921877,1806.8936767578125,1028.9449462890623,1284.3424072265625,1971.8984375,1992.784912109375,1673.549072265625,1392.23388671875,539.622802734375,1699.951416015625,1639.86376953125,1493.2073974609375,1925.3233642578125,1587.0677490234375,2036.7431640625,1739.3822021484375,1551.480224609375,1337.7685546875,1909.1328125,1369.276611328125,1542.1925048828125,1487.3233642578125,1968.23681640625,1690.954833984375,1270.407958984375,1850.2633056640625,1751.6363525390625,1471.150390625,1702.61669921875,1477.941650390625,1821.1842041015625,1606.2230224609375,1696.5084228515625,1832.793212890625,1664.886474609375,1534.8973388671875,1559.425537109375,1615.3265380859375
523.974853515625,544.3799438476561,269.3946533203125,504.7800598144531,239.95497131347656,1419.9149169921875,1384.906494140625,914.7635498046876,1810.6480712890625,333.6989440917969,1556.7452392578125,1634.4010009765625,2452.548095703125,2060.138671875,1807.507568359375,1411.4222412109375,637.7251586914062,1727.1898193359375,1826.30859375,184.6280670166016,1765.809814453125,1738.9576416015625,348.82867431640625,297.016357421875,1852.176025390625,1624.3544921875,1872.5252685546875,1747.5999755859375,1741.4429931640625,1784.7545166015625,1727.9053955078125,1158.8193359375,1607.0706787109375,938.5977783203124,1775.9119873046875,1733.06494140625,1127.8896484375,1728.0721435546875,1589.9560546875,1678.0810546875,1742.2286376953125,1597.5921630859375,1934.1021728515625,1934.484375,1575.3623046875,889.8675537109375,1660.1083984375,1903.3702392578125,1775.3319091796875,1485.6971435546875,1188.43994140625,1537.660888671875,1560.123779296875,1860.0648193359373,1555.6849365234375,1662.176513671875,1596.9345703125,1072.2423095703123,1365.8321533203125,1628.1092529296875,1792.1439208984375,1736.0357666015625,1792.7132568359375,1324.682373046875,1245.03662109375,1773.163818359375,1757.2242431640625,1076.0816650390623,1812.0009765625,1031.096435546875,1276.8502197265625,1971.2283935546875,2001.820068359375,1664.1802978515625,1398.5849609375,546.9702758789061,1712.7515869140625,1641.2515869140625,1508.4957275390625,1931.7379150390625,1587.7034912109375,2031.768310546875,1730.0491943359375,1548.927734375,1326.6717529296875,1910.3148193359373,1375.273193359375,1540.6610107421875,1488.4720458984375,1970.1904296875,1689.7982177734375,1257.78955078125,1847.7711181640625,1762.2415771484375,1457.3519287109375,1698.8931884765625,1471.96435546875,1830.145751953125,1609.5689697265625,1686.2281494140625,1833.8638916015625,1667.374267578125,1542.73095703125,1557.643310546875,1622.2513427734375
523.2090454101561,544.0594482421875,267.60049438476557,497.1006774902344,245.83560180664062,1411.8609619140625,1384.789306640625,916.75439453125,1811.6766357421875,344.06805419921875,1549.2064208984375,1631.8135986328125,2453.853271484375,2049.620361328125,1815.0185546875,1414.9808349609375,644.489501953125,1721.0999755859375,1819.875,190.46324157714844,1763.4580078125,1739.2757568359375,346.6767272949219,302.190673828125,1850.7001953125,1618.0501708984375,1873.6531982421875,1741.7607421875,1746.97509765625,1780.5372314453125,1731.9447021484375,1154.948974609375,1606.5185546875,944.6229248046876,1784.5919189453125,1739.2491455078125,1127.5367431640625,1739.8131103515625,1582.158203125,1686.044189453125,1745.0020751953125,1596.9227294921875,1938.7115478515625,1930.179443359375,1577.1090087890625,877.6779174804688,1667.3076171875,1889.1064453125,1773.473876953125,1498.60888671875,1193.4591064453125,1534.923828125,1559.1988525390625,1863.3975830078125,1553.192626953125,1671.2783203125,1597.181396484375,1070.849853515625,1364.1365966796875,1630.200439453125,1788.3291015625,1726.0802001953125,1791.5465087890625,1332.557861328125,1241.1600341796875,1768.387939453125,1755.8614501953125,1077.5235595703123,1812.0360107421875,1046.9566650390623,1279.2572021484375,1968.5303955078125,2003.6910400390625,1660.9393310546875,1399.6064453125,536.75390625,1703.3023681640625,1638.56201171875,1492.0269775390625,1935.1376953125,1578.6728515625,2040.100341796875,1738.2366943359375,1553.5511474609375,1334.1865234375,1907.9786376953125,1387.5245361328125,1545.5614013671875,1494.276611328125,1965.0760498046875,1693.2783203125,1256.06884765625,1855.9639892578125,1767.1944580078125,1459.380615234375,1702.16162109375,1481.8831787109375,1820.953125,1616.0523681640625,1696.581298828125,1840.01171875,1657.67431640625,1525.8388671875,1558.254638671875,1613.0006103515625
517.7535400390625,547.693115234375,274.48483276367193,500.148193359375,247.17713928222656,1406.3502197265625,1378.798095703125,922.6671752929688,1830.5931396484373,338.1115417480469,1548.175048828125,1626.0709228515625,2481.487548828125,2049.15380859375,1829.6710205078125,1415.82421875,641.8441772460938,1716.1702880859375,1818.7974853515625,192.1296844482422,1762.4678955078125,1741.6448974609375,343.6337890625,306.1283264160156,1858.8258056640625,1624.5374755859375,1865.85302734375,1745.859130859375,1733.4449462890625,1781.1346435546875,1727.484619140625,1149.4886474609375,1603.2822265625,931.2117309570312,1785.8077392578125,1732.4263916015625,1128.162841796875,1731.9417724609375,1577.671875,1684.7745361328125,1731.19921875,1595.154541015625,1945.8603515625,1944.7322998046875,1584.0584716796875,880.7575073242188,1665.4923095703125,1910.3382568359373,1793.493408203125,1493.0306396484375,1188.3319091796875,1526.13037109375,1563.4708251953125,1858.4342041015625,1562.1109619140625,1676.2587890625,1607.1162109375,1079.2332763671877,1372.2310791015625,1638.578857421875,1789.3341064453125,1740.03271484375,1789.94921875,1326.896240234375,1230.2088623046875,1772.791748046875,1753.5078125,1083.8758544921877,1820.05712890625,1062.9100341796877,1282.8841552734375,1959.8544921875,2008.1195068359373,1674.1312255859375,1385.633056640625,544.6505737304689,1701.715576171875,1643.84033203125,1499.537841796875,1925.9423828125,1584.7325439453125,2033.5152587890625,1736.45068359375,1565.4971923828125,1328.8924560546875,1910.08447265625,1366.6507568359375,1546.5765380859375,1498.038330078125,1963.5621337890625,1696.5118408203125,1255.919921875,1854.87890625,1759.1812744140625,1458.8187255859375,1708.7265625,1499.4345703125,1825.8861083984373,1606.50927734375,1707.7510986328125,1835.1741943359373,1673.6624755859375,1532.1961669921875,1563.9085693359375,1611.6572265625
515.509521484375,536.2561645507811,280.45907592773443,492.8004150390625,243.42784118652344,1408.167236328125,1374.8570556640625,920.5100708007812,1817.9342041015625,332.121826171875,1546.72705078125,1638.607666015625,2457.833984375,2057.900390625,1829.5360107421875,1409.5875244140625,636.0610961914062,1731.2860107421875,1822.68505859375,191.5127410888672,1754.2562255859375,1750.39697265625,344.8389892578125,299.1424560546875,1873.6968994140625,1617.195556640625,1867.12890625,1748.895751953125,1731.981689453125,1774.1322021484375,1739.707275390625,1152.5440673828125,1608.5657958984375,934.8572998046876,1808.84521484375,1740.7757568359375,1125.6229248046877,1732.291259765625,1585.7415771484375,1688.6533203125,1732.3468017578125,1588.6663818359375,1945.5775146484373,1940.152099609375,1591.3392333984375,867.4325561523438,1667.2139892578125,1913.2545166015625,1791.5484619140625,1499.083251953125,1186.859375,1541.1112060546875,1559.8533935546875,1841.7001953125,1571.6285400390625,1689.5230712890625,1601.452880859375,1071.444091796875,1373.088623046875,1633.2564697265625,1795.2283935546875,1743.9122314453125,1790.980712890625,1348.9635009765625,1225.02685546875,1778.18212890625,1755.170654296875,1075.9351806640623,1826.74462890625,1053.7314453125,1275.4910888671875,1951.79833984375,2007.656005859375,1666.5128173828125,1366.9434814453125,535.3736572265625,1701.7431640625,1637.5855712890625,1488.787109375,1935.572998046875,1590.73876953125,2035.6435546875,1746.136962890625,1571.2138671875,1329.3404541015625,1914.61474609375,1373.061279296875,1550.6602783203125,1505.91162109375,1960.1116943359373,1699.2069091796875,1258.10205078125,1848.6854248046875,1746.172119140625,1461.8795166015625,1706.25341796875,1493.263427734375,1824.878662109375,1611.4410400390625,1703.26806640625,1838.9140625,1659.2637939453125,1523.5623779296875,1561.9630126953125,1608.7120361328125
517.2305908203125,535.903076171875,269.89797973632807,495.49407958984375,248.58834838867188,1389.5999755859375,1376.854248046875,908.507080078125,1805.2518310546875,338.3474426269531,1546.361328125,1637.30859375,2437.95703125,2027.149658203125,1815.4261474609373,1415.2325439453125,621.4785766601562,1729.71484375,1812.7412109375,196.153076171875,1751.2547607421875,1759.143310546875,341.21533203125,304.754638671875,1860.67431640625,1626.853271484375,1874.14306640625,1747.5738525390625,1739.6468505859375,1776.636474609375,1726.6376953125,1151.177001953125,1608.2476806640625,939.67578125,1797.348876953125,1726.4874267578125,1124.015869140625,1724.8515625,1583.5848388671875,1676.3035888671875,1730.2203369140625,1593.7557373046875,1945.3311767578125,1940.7572021484373,1574.0040283203125,873.9769897460938,1669.79345703125,1914.0166015625,1785.000244140625,1488.75146484375,1193.121337890625,1533.5411376953125,1563.86181640625,1849.3988037109373,1561.1986083984375,1679.09814453125,1594.35546875,1060.8359375,1363.519287109375,1633.0623779296875,1781.70068359375,1747.735595703125,1802.2451171875,1369.732177734375,1224.2933349609375,1787.0093994140625,1751.7235107421875,1082.9005126953123,1848.8955078125,1049.8282470703123,1270.837646484375,1951.8092041015625,2016.6168212890625,1668.16357421875,1376.8118896484375,546.0682373046875,1694.2086181640625,1643.6378173828125,1487.694091796875,1935.6319580078125,1582.599365234375,2041.8929443359373,1755.096435546875,1565.2958984375,1326.8740234375,1917.7008056640625,1353.9541015625,1536.0115966796875,1498.2337646484375,1966.7547607421875,1687.9534912109375,1260.0303955078125,1866.80078125,1758.9383544921875,1453.4822998046875,1710.7257080078125,1496.251708984375,1821.394775390625,1614.6240234375,1713.203125,1840.847412109375,1664.0908203125,1537.97705078125,1553.9593505859375,1620.0560302734375
507.48931884765625,532.9653930664061,268.2559814453125,492.8488464355469,247.8387908935547,1389.8681640625,1372.67578125,908.5471801757812,1819.097900390625,333.2157287597656,1538.313720703125,1636.6370849609375,2432.597412109375,2025.96630859375,1826.0294189453125,1416.3621826171875,626.5072021484375,1727.304443359375,1808.3992919921875,191.5473937988281,1747.6009521484375,1758.1761474609375,347.16131591796875,297.6617431640625,1871.7777099609373,1624.0216064453125,1878.412841796875,1758.369873046875,1727.11962890625,1776.4381103515625,1723.9176025390625,1146.9287109375,1613.2412109375,935.544189453125,1792.280029296875,1720.9998779296875,1111.4898681640623,1745.32568359375,1583.4691162109375,1680.443115234375,1739.4888916015625,1593.6204833984375,1948.06787109375,1942.418212890625,1578.59228515625,881.5345458984375,1670.1866455078125,1911.2109375,1783.0030517578125,1483.8607177734375,1202.260986328125,1527.1422119140625,1568.62744140625,1856.22119140625,1554.63916015625,1680.7701416015625,1599.0850830078125,1070.479248046875,1379.8846435546875,1634.0584716796875,1792.71875,1739.454345703125,1798.5775146484375,1359.152587890625,1238.593505859375,1774.229248046875,1763.1937255859375,1081.4010009765623,1837.1910400390625,1053.5076904296877,1287.0673828125,1943.5804443359373,2021.520751953125,1664.0699462890625,1388.7947998046875,531.33154296875,1691.306640625,1648.5394287109375,1493.549560546875,1942.5654296875,1582.84033203125,2042.752197265625,1740.2403564453125,1573.670654296875,1332.0699462890625,1921.994873046875,1379.974853515625,1532.1478271484375,1505.29931640625,1970.0721435546875,1702.3433837890625,1250.9287109375,1853.92333984375,1751.7860107421875,1456.152587890625,1695.4783935546875,1507.9176025390625,1831.208251953125,1609.9295654296875,1727.50390625,1834.1312255859373,1658.2242431640625,1542.065185546875,1556.2386474609375,1621.0506591796875
508.9655151367188,530.9464111328125,273.48080444335943,486.8802490234375,251.6863250732422,1376.0546875,1364.062255859375,908.7164916992188,1805.0859375,336.08831787109375,1533.61962890625,1629.4111328125,2431.217041015625,2014.1998291015625,1826.7049560546875,1427.402587890625,624.9412231445312,1732.450439453125,1809.457275390625,191.859619140625,1750.11865234375,1763.57958984375,342.061279296875,302.5816345214844,1878.1112060546875,1619.353271484375,1869.0279541015625,1747.244873046875,1743.2139892578125,1776.83837890625,1732.3870849609375,1142.235107421875,1613.73828125,931.8181762695312,1802.458251953125,1734.9942626953125,1110.2496337890623,1746.436279296875,1589.126220703125,1683.5108642578125,1737.8831787109375,1601.5396728515625,1951.61474609375,1947.9031982421875,1592.234375,871.0889892578125,1668.5677490234375,1902.972900390625,1767.1878662109375,1493.458984375,1179.7047119140625,1524.5433349609375,1567.8316650390625,1856.3349609375,1559.2586669921875,1679.0908203125,1593.8580322265625,1065.8382568359377,1368.7025146484375,1632.169677734375,1800.7235107421875,1737.765625,1797.0107421875,1351.7784423828125,1231.3673095703125,1765.5892333984375,1756.6893310546875,1070.36083984375,1829.4305419921875,1036.8062744140623,1282.541259765625,1947.7091064453125,2019.6490478515625,1669.4544677734375,1387.353271484375,545.80126953125,1696.3515625,1642.0335693359375,1506.2447509765625,1930.0902099609373,1587.62548828125,2034.2119140625,1740.0360107421875,1575.5087890625,1325.5264892578125,1915.5765380859373,1357.27978515625,1521.1265869140625,1507.628662109375,1961.2401123046875,1691.052978515625,1257.3282470703125,1846.1669921875,1734.9342041015625,1465.7264404296875,1708.2384033203125,1497.526123046875,1823.9208984375,1618.4583740234375,1719.1181640625,1829.1781005859373,1659.7896728515625,1520.13330078125,1558.4061279296875,1607.761962890625
508.6595764160156,535.9276123046875,270.707763671875,487.3922729492188,251.73719787597656,1388.6917724609375,1380.924560546875,917.9259643554688,1815.5177001953125,341.62322998046875,1554.8995361328125,1635.42431640625,2468.77880859375,2021.2218017578125,1833.3717041015625,1432.0496826171875,613.1974487304688,1724.807373046875,1810.8031005859373,197.3142852783203,1746.1202392578125,1765.7894287109375,340.84356689453125,299.48529052734375,1883.100341796875,1637.4761962890625,1862.2593994140625,1759.25537109375,1735.05078125,1771.8798828125,1722.3096923828125,1141.200439453125,1610.7265625,933.3984985351562,1806.6649169921875,1750.2093505859375,1117.6746826171877,1751.41650390625,1583.3199462890625,1691.76171875,1744.4237060546875,1605.0108642578125,1948.980712890625,1942.1488037109373,1594.0482177734375,873.7453002929688,1666.564453125,1914.15869140625,1789.0673828125,1493.05615234375,1192.2740478515625,1531.154296875,1555.7313232421875,1860.6190185546875,1561.9029541015625,1672.8916015625,1592.9444580078125,1076.5452880859377,1366.0706787109375,1638.1424560546875,1801.0606689453125,1743.7626953125,1796.687744140625,1347.0380859375,1234.8121337890625,1770.9296875,1756.3316650390625,1084.8720703125,1837.4708251953125,1057.4091796875,1278.9097900390625,1943.0526123046875,2004.1424560546875,1661.9898681640625,1387.43994140625,537.3218383789061,1705.567138671875,1642.360595703125,1503.6602783203125,1932.9144287109373,1585.593017578125,2034.07666015625,1734.9029541015625,1577.641845703125,1330.5511474609375,1919.933349609375,1353.4703369140625,1552.94287109375,1504.8375244140625,1975.6129150390625,1702.34326171875,1249.248291015625,1846.4251708984373,1745.5174560546875,1470.7340087890625,1714.0687255859375,1493.3299560546875,1834.1632080078125,1611.4820556640625,1713.520263671875,1847.378662109375,1656.9482421875,1533.6368408203125,1565.5003662109375,1627.416015625
506.5857238769531,533.3171997070311,271.00820922851557,495.6260681152344,246.6616516113281,1380.5751953125,1367.16796875,911.5017700195312,1798.8428955078125,332.1705017089844,1543.18017578125,1634.89208984375,2425.23828125,2017.7177734375,1816.3431396484373,1427.0517578125,626.3222045898438,1728.059814453125,1807.78662109375,195.7635498046875,1755.4990234375,1767.5634765625,343.0505065917969,296.97119140625,1871.3182373046875,1634.752197265625,1873.4969482421875,1751.0001220703125,1732.0045166015625,1778.561279296875,1729.4515380859375,1146.5458984375,1616.516357421875,925.612548828125,1806.5162353515625,1730.93603515625,1130.172119140625,1746.703125,1581.6947021484375,1686.082275390625,1749.361083984375,1600.646484375,1958.79931640625,1932.9996337890625,1583.2183837890625,878.2970581054688,1672.5108642578125,1908.05224609375,1777.5555419921875,1502.0670166015625,1185.792724609375,1516.245849609375,1565.5426025390625,1860.5958251953125,1561.9931640625,1686.8070068359375,1601.66259765625,1067.7960205078123,1364.6878662109375,1639.9329833984375,1784.7142333984375,1735.7335205078125,1799.874755859375,1362.9981689453125,1239.398681640625,1779.7808837890625,1752.55224609375,1081.001220703125,1830.7752685546875,1043.0540771484377,1279.1751708984375,1950.2178955078125,2022.3272705078125,1670.911376953125,1383.615234375,547.9401245117189,1702.7633056640625,1641.5914306640625,1479.7069091796875,1940.6973876953125,1592.4854736328125,2042.6937255859373,1749.6968994140625,1560.40478515625,1327.9775390625,1899.2894287109373,1361.4365234375,1543.663330078125,1505.6202392578125,1960.96826171875,1696.033935546875,1248.7935791015625,1859.4903564453125,1746.3692626953125,1461.1689453125,1709.5972900390625,1488.4256591796875,1822.2261962890625,1614.91357421875,1697.1505126953125,1837.7362060546875,1650.2783203125,1536.2413330078125,1564.7720947265625,1618.3397216796875
502.5171813964844,540.8569946289061,266.9776611328125,493.127197265625,244.1964111328125,1375.0850830078125,1368.4810791015625,916.2498168945312,1788.59130859375,331.3565673828125,1538.0889892578125,1635.7540283203125,2406.161865234375,2018.2218017578125,1823.1953125,1425.2392578125,619.6159057617188,1730.1552734375,1808.9652099609373,190.19985961914062,1748.3447265625,1763.2437744140625,348.7539367675781,297.62890625,1866.5003662109373,1621.5477294921875,1864.6649169921875,1755.7598876953125,1723.5015869140625,1773.4605712890625,1729.055419921875,1146.709716796875,1610.309814453125,926.2711791992188,1810.3416748046875,1737.2349853515625,1117.1903076171877,1742.4267578125,1582.38134765625,1691.219970703125,1738.422119140625,1600.3857421875,1952.4437255859373,1944.7562255859373,1577.75537109375,888.5693969726562,1670.1568603515625,1914.981689453125,1777.3482666015625,1496.796142578125,1191.436279296875,1516.7337646484375,1570.6884765625,1861.3026123046875,1563.0009765625,1686.3238525390625,1596.5562744140625,1059.2059326171877,1368.2747802734375,1630.5361328125,1784.027099609375,1740.2742919921875,1790.8082275390625,1358.74853515625,1222.0478515625,1776.0994873046875,1750.86083984375,1078.2122802734377,1838.03125,1054.2666015625,1279.578125,1943.8624267578125,2012.695068359375,1662.74365234375,1379.5347900390625,553.0046997070311,1689.9873046875,1647.946533203125,1492.6865234375,1934.5960693359373,1587.51416015625,2035.567626953125,1739.5587158203125,1578.2313232421875,1342.53125,1908.7596435546875,1354.6285400390625,1531.3466796875,1510.8953857421875,1961.17724609375,1695.9200439453125,1250.3773193359375,1850.708251953125,1730.1968994140625,1466.5087890625,1706.7366943359375,1493.6624755859375,1821.640869140625,1605.5743408203125,1715.226318359375,1830.4683837890625,1654.1138916015625,1538.9796142578125,1561.122802734375,1612.979248046875
512.5817260742189,534.398193359375,272.33993530273443,497.650390625,250.0865020751953,1394.6580810546875,1366.26416015625,917.4246215820312,1798.316162109375,337.580078125,1539.9703369140625,1629.809814453125,2449.01806640625,2031.7364501953125,1813.9718017578125,1419.7528076171875,632.01123046875,1728.6175537109375,1822.0296630859373,190.8075714111328,1757.0980224609375,1752.3924560546875,338.96600341796875,295.7221984863281,1868.717529296875,1621.1402587890625,1864.6851806640625,1753.4132080078125,1733.99755859375,1773.1845703125,1733.27392578125,1163.9071044921875,1606.4951171875,918.6882934570312,1799.8140869140625,1734.4691162109375,1126.43310546875,1743.2978515625,1586.142578125,1679.2913818359375,1741.7935791015625,1591.8350830078125,1945.5687255859373,1940.6153564453125,1597.5418701171875,881.3727416992188,1671.2193603515625,1903.55615234375,1763.5828857421875,1502.232666015625,1183.662841796875,1521.5743408203125,1563.0361328125,1863.5679931640625,1557.74462890625,1673.5819091796875,1612.481689453125,1077.474853515625,1371.7916259765625,1630.2177734375,1783.2884521484375,1741.8182373046875,1788.73046875,1351.669921875,1229.40185546875,1771.640869140625,1760.035400390625,1076.739013671875,1831.9329833984373,1039.324951171875,1283.1429443359375,1949.1112060546875,2004.2196044921875,1668.9376220703125,1389.7940673828125,543.8572387695311,1698.0367431640625,1637.4248046875,1502.96728515625,1930.4000244140625,1589.901123046875,2038.1036376953125,1735.2623291015625,1564.609130859375,1333.211181640625,1922.216064453125,1354.0284423828125,1523.7379150390625,1505.3948974609375,1979.1270751953125,1706.6312255859375,1243.2711181640625,1837.9356689453125,1741.976806640625,1458.9644775390625,1703.0369873046875,1487.763916015625,1829.909912109375,1609.7081298828125,1702.4951171875,1838.4351806640625,1660.26025390625,1542.5225830078125,1560.2977294921875,1615.123291015625
513.32568359375,529.6600341796875,269.1220703125,495.6234436035156,242.92379760742188,1376.981201171875,1380.42431640625,916.1320190429688,1794.7740478515625,333.474609375,1540.422119140625,1616.0499267578125,2444.046630859375,2018.9039306640625,1813.182373046875,1408.4296875,631.66943359375,1718.972412109375,1810.2294921875,188.3801727294922,1756.7923583984375,1742.06884765625,347.7887268066406,307.15460205078125,1863.994873046875,1629.5531005859375,1860.9906005859373,1753.796875,1737.4224853515625,1777.813720703125,1736.90234375,1156.386474609375,1603.9091796875,927.1871948242188,1791.9879150390625,1740.6142578125,1121.9730224609377,1735.6007080078125,1586.24365234375,1679.7178955078125,1728.4197998046875,1586.3427734375,1951.2376708984373,1942.8375244140625,1584.5491943359375,868.0521240234375,1668.8572998046875,1895.495849609375,1765.4681396484375,1494.8455810546875,1194.6103515625,1528.931640625,1567.9971923828125,1844.9302978515625,1555.0257568359375,1669.6689453125,1594.9703369140625,1060.4783935546877,1372.1448974609375,1631.7738037109375,1775.3936767578125,1738.471435546875,1782.499267578125,1344.271240234375,1224.791748046875,1767.9227294921875,1760.8095703125,1059.15283203125,1815.601318359375,1046.536376953125,1274.383544921875,1950.6461181640625,2001.9371337890625,1665.9769287109375,1384.660888671875,548.5783081054689,1693.7008056640625,1642.8863525390625,1499.5970458984375,1921.975341796875,1574.96875,2035.412841796875,1733.116943359375,1565.649658203125,1322.871337890625,1920.4405517578125,1359.830810546875,1532.5677490234375,1500.7020263671875,1967.02880859375,1692.3553466796875,1251.2637939453125,1845.3560791015625,1750.8046875,1460.2127685546875,1705.6219482421875,1483.5361328125,1816.261474609375,1611.1925048828125,1708.3984375,1836.424560546875,1658.4500732421875,1519.130859375,1546.4437255859375,1610.6309814453125
511.5498046875,536.9017944335939,269.28884887695307,493.1322937011719,239.8474273681641,1404.8388671875,1382.123291015625,919.52587890625,1805.1505126953125,341.17822265625,1547.1806640625,1628.91943359375,2451.828857421875,2045.1773681640625,1809.1937255859373,1421.094970703125,634.2705688476562,1725.08837890625,1815.1019287109373,189.3546600341797,1756.4241943359375,1743.2803955078125,343.1131286621094,293.7492370605469,1859.7821044921875,1630.2474365234375,1869.4169921875,1770.5712890625,1734.5499267578125,1779.0150146484375,1741.186279296875,1156.21875,1608.8975830078125,927.2369384765624,1797.2205810546875,1735.8831787109375,1113.8277587890623,1740.9105224609375,1584.7236328125,1679.6529541015625,1745.4317626953125,1597.627685546875,1952.0992431640625,1948.91552734375,1590.1832275390625,881.0947875976562,1663.9285888671875,1906.8472900390625,1785.5072021484375,1500.0921630859375,1192.3624267578125,1538.0252685546875,1571.0511474609375,1860.0096435546875,1559.699462890625,1673.167724609375,1593.9742431640625,1060.16796875,1360.0191650390625,1644.4217529296875,1782.07958984375,1746.6689453125,1777.5693359375,1331.6925048828125,1230.6707763671875,1768.0958251953125,1760.6063232421875,1076.0562744140623,1816.9735107421875,1056.5087890625,1279.802734375,1952.24755859375,1993.026123046875,1672.8590087890625,1389.5306396484375,533.0272827148439,1694.5648193359375,1640.3096923828125,1498.2724609375,1925.8115234375,1585.85791015625,2028.9375,1731.136474609375,1564.5042724609375,1324.762939453125,1910.766845703125,1358.662109375,1533.0416259765625,1498.663818359375,1980.0738525390625,1702.8167724609375,1259.883056640625,1840.86328125,1741.026123046875,1465.50146484375,1705.8870849609375,1500.1761474609375,1827.4078369140625,1609.3253173828125,1710.039306640625,1840.813720703125,1663.7911376953125,1539.968505859375,1564.3740234375,1621.429931640625
508.4679870605469,542.37158203125,269.49688720703125,497.8988342285156,249.7410125732422,1398.360107421875,1375.3792724609375,913.42529296875,1803.122314453125,337.7636413574219,1546.2020263671875,1628.6226806640625,2447.830810546875,2037.2650146484373,1821.527099609375,1414.26416015625,635.6867065429688,1725.3824462890625,1817.4107666015625,186.5500640869141,1757.499755859375,1744.05224609375,348.079833984375,298.0494384765625,1873.3297119140625,1619.14990234375,1872.32177734375,1766.1282958984375,1741.0191650390625,1785.8380126953125,1732.3707275390625,1144.9951171875,1609.3463134765625,926.219970703125,1798.2611083984375,1726.4735107421875,1126.025146484375,1736.3665771484375,1580.915771484375,1686.739501953125,1744.4473876953125,1599.8863525390625,1952.980224609375,1948.27197265625,1594.0594482421875,887.87109375,1667.57958984375,1909.438720703125,1783.0615234375,1496.1279296875,1195.4039306640625,1539.0185546875,1574.0758056640625,1861.3623046875,1548.296142578125,1676.5966796875,1600.880126953125,1061.4544677734377,1362.9478759765625,1631.680908203125,1773.2247314453125,1738.1669921875,1784.7620849609375,1348.081787109375,1235.9013671875,1767.5382080078125,1762.8519287109375,1082.914794921875,1830.1905517578125,1038.109375,1283.6439208984375,1961.1517333984373,1996.5750732421875,1662.5958251953125,1393.4737548828125,551.6038208007811,1696.0413818359375,1633.1429443359375,1500.110595703125,1930.798095703125,1577.47900390625,2041.046630859375,1733.69921875,1561.962890625,1335.41015625,1917.4383544921875,1372.455322265625,1521.5504150390625,1502.746337890625,1967.6346435546875,1706.092529296875,1255.7386474609375,1856.38525390625,1759.234619140625,1469.827880859375,1706.566650390625,1486.7567138671875,1822.0853271484373,1603.48291015625,1705.8126220703125,1838.883056640625,1659.7091064453125,1533.280029296875,1555.0750732421875,1629.75439453125
508.8325500488281,536.8209838867189,268.688232421875,494.8509521484375,245.14002990722656,1395.2508544921875,1374.1798095703125,910.8480834960938,1812.6671142578125,335.15362548828125,1549.9110107421875,1623.13720703125,2434.216552734375,2017.26806640625,1823.0096435546875,1409.852783203125,633.748046875,1723.96923828125,1808.3768310546875,191.12225341796875,1752.045654296875,1752.3179931640625,343.2266845703125,304.39508056640625,1863.777587890625,1630.927978515625,1858.3507080078125,1766.765625,1738.7105712890625,1783.38427734375,1734.486083984375,1157.3597412109375,1609.0556640625,937.6495971679688,1791.739501953125,1733.8157958984375,1123.6820068359377,1738.2845458984375,1592.7047119140625,1683.68017578125,1743.1688232421875,1591.2843017578125,1943.449462890625,1931.7012939453125,1581.6015625,885.3934936523438,1669.545166015625,1913.4525146484373,1778.747314453125,1486.27392578125,1196.7578125,1535.73681640625,1575.4559326171875,1855.5648193359373,1575.656494140625,1670.3818359375,1597.5997314453125,1058.3323974609377,1369.252197265625,1624.60546875,1776.8602294921875,1734.6466064453125,1784.7457275390625,1335.091796875,1234.2818603515625,1773.4825439453125,1743.4210205078125,1066.3643798828123,1828.9566650390625,1040.1778564453123,1267.207275390625,1954.9013671875,2011.4368896484373,1657.0338134765625,1391.7169189453125,543.7881469726561,1690.9320068359375,1641.884033203125,1498.1455078125,1928.5242919921875,1588.013671875,2037.0186767578125,1741.4827880859375,1562.6285400390625,1332.6998291015625,1912.34619140625,1361.0980224609375,1539.3590087890625,1498.5888671875,1966.69140625,1695.6922607421875,1258.1912841796875,1842.504150390625,1734.41796875,1465.1038818359375,1708.5491943359375,1489.9141845703125,1819.4866943359373,1609.0350341796875,1699.857666015625,1833.5880126953125,1655.626708984375,1524.9808349609375,1557.0657958984375,1612.0550537109375
506.82550048828125,541.3617553710939,271.36819458007807,490.4393005371094,249.51950073242188,1403.4395751953125,1378.3955078125,917.0528564453124,1824.488037109375,333.5484619140625,1551.503173828125,1630.9273681640625,2448.0478515625,2030.0062255859373,1822.8812255859373,1416.4951171875,632.4821166992188,1727.7347412109375,1813.3597412109373,187.4821319580078,1754.94287109375,1752.8927001953125,341.4065856933594,299.4180603027344,1854.9969482421875,1616.0098876953125,1862.96484375,1754.81396484375,1737.8955078125,1785.9453125,1724.5250244140625,1159.0765380859375,1613.4261474609375,933.5706176757812,1786.35693359375,1730.4691162109375,1131.8218994140625,1749.735595703125,1580.4412841796875,1678.1356201171875,1749.3326416015625,1596.6861572265625,1956.058349609375,1941.4288330078125,1593.983642578125,878.0564575195312,1665.0130615234375,1898.4407958984373,1774.223876953125,1492.8489990234375,1188.2764892578125,1543.79833984375,1564.8873291015625,1858.4410400390625,1571.684326171875,1675.0250244140625,1602.9322509765625,1071.2808837890623,1370.001220703125,1641.1409912109375,1796.7275390625,1730.79541015625,1793.6038818359375,1348.8375244140625,1236.0174560546875,1771.3731689453125,1752.906005859375,1076.267578125,1825.5374755859373,1032.109619140625,1274.4649658203125,1967.12353515625,2005.124755859375,1669.092529296875,1386.93017578125,540.4454345703125,1706.9366455078125,1649.5347900390625,1503.91796875,1924.1519775390625,1597.184326171875,2029.9278564453125,1736.4515380859375,1575.4183349609375,1335.8519287109375,1920.930908203125,1357.7110595703125,1530.602783203125,1501.3590087890625,1979.3720703125,1692.4322509765625,1259.3082275390625,1850.3121337890625,1745.183837890625,1467.9888916015625,1699.7513427734375,1499.0093994140625,1825.4058837890625,1615.502197265625,1700.8446044921875,1838.579345703125,1660.7596435546875,1525.7396240234375,1562.4130859375,1621.3731689453125
503.9350280761719,535.3544311523439,270.9254150390625,494.1720886230469,250.28744506835938,1393.0845947265625,1374.0458984375,915.8305053710938,1826.6580810546875,334.7188415527344,1541.5689697265625,1637.0992431640625,2450.985107421875,2027.8046875,1827.6441650390625,1417.9461669921875,639.8489990234375,1726.9913330078125,1809.0594482421875,195.6548614501953,1754.51416015625,1753.596435546875,347.7405700683594,298.9493103027344,1855.7340087890625,1627.6363525390625,1872.9398193359373,1751.1591796875,1750.5465087890625,1782.098876953125,1738.92041015625,1156.6175537109375,1608.9217529296875,925.90771484375,1798.366943359375,1728.8416748046875,1123.747802734375,1742.6385498046875,1583.426513671875,1681.6939697265625,1747.2152099609375,1601.655029296875,1950.9500732421875,1943.5361328125,1593.5350341796875,872.0135498046875,1671.4393310546875,1903.625244140625,1769.722900390625,1493.040771484375,1189.8924560546875,1534.328857421875,1564.2945556640625,1860.1234130859373,1560.4400634765625,1679.7130126953125,1600.315185546875,1065.2125244140623,1366.265625,1627.2991943359375,1798.7347412109375,1741.855224609375,1797.73583984375,1342.802734375,1235.5469970703125,1766.4228515625,1750.10546875,1071.892578125,1825.7039794921875,1045.7618408203123,1294.0595703125,1955.194091796875,2013.0517578125,1661.2628173828125,1382.229248046875,550.013671875,1712.3134765625,1635.995849609375,1500.59716796875,1935.46630859375,1586.7353515625,2037.98681640625,1746.41162109375,1571.037841796875,1335.6502685546875,1912.05615234375,1359.8900146484375,1539.7034912109375,1518.993408203125,1960.7783203125,1692.684814453125,1256.552734375,1843.4459228515625,1749.1116943359375,1466.3743896484375,1704.013916015625,1498.69140625,1816.993408203125,1613.4576416015625,1707.0609130859375,1830.812744140625,1649.6527099609375,1540.8922119140625,1553.2960205078125,1605.7841796875
508.81939697265625,540.1926879882811,268.5243530273437,493.8415832519531,245.4293365478516,1404.2054443359375,1375.649658203125,917.35693359375,1839.75,331.3941955566406,1550.0347900390625,1642.579833984375,2451.713623046875,2042.2430419921875,1831.2325439453125,1440.27099609375,636.7765502929688,1726.8948974609375,1806.4417724609373,197.9920959472656,1752.17529296875,1762.1163330078125,345.724609375,301.14013671875,1869.7154541015625,1626.8310546875,1874.54931640625,1772.088623046875,1747.3179931640625,1772.0982666015625,1725.9000244140625,1148.88720703125,1618.0648193359375,929.5763549804688,1799.429443359375,1735.2686767578125,1122.0447998046877,1747.6787109375,1585.4764404296875,1690.2373046875,1746.5191650390625,1604.1141357421875,1949.2197265625,1944.2503662109373,1592.314697265625,880.1710815429688,1662.2056884765625,1902.8236083984373,1773.8885498046875,1498.0472412109375,1183.121826171875,1532.3238525390625,1562.2406005859375,1863.277587890625,1552.5574951171875,1673.951416015625,1600.8941650390625,1064.1949462890623,1366.1376953125,1634.6968994140625,1793.9835205078125,1744.02978515625,1787.1351318359375,1356.7265625,1246.7041015625,1771.2274169921875,1755.9390869140625,1090.5157470703123,1823.139404296875,1051.834716796875,1281.65576171875,1957.6895751953125,2006.976806640625,1666.2347412109375,1381.9952392578125,547.7764282226561,1701.03173828125,1651.2099609375,1503.562744140625,1932.80712890625,1586.24267578125,2036.7169189453125,1742.7611083984375,1578.380859375,1335.5301513671875,1915.3717041015625,1372.666259765625,1548.6968994140625,1502.5965576171875,1973.3031005859373,1698.9871826171875,1254.1439208984375,1853.6676025390625,1742.5693359375,1460.2197265625,1704.7576904296875,1496.7113037109375,1830.0986328125,1607.4854736328125,1720.57177734375,1840.5960693359373,1666.361572265625,1545.451416015625,1572.528564453125,1615.2208251953125
507.7230224609375,529.06005859375,274.48797607421875,490.9437255859375,250.8518218994141,1389.5433349609375,1380.516357421875,912.3941040039062,1830.001220703125,339.32666015625,1547.0728759765625,1639.21240234375,2411.61279296875,2036.4769287109373,1824.40869140625,1427.647705078125,621.8624877929688,1727.71630859375,1819.1859130859373,186.2313232421875,1746.7210693359375,1752.1767578125,340.957275390625,302.3780822753906,1859.93798828125,1626.159912109375,1873.74609375,1758.9384765625,1733.8690185546875,1780.0723876953125,1731.9462890625,1156.374267578125,1619.7923583984375,934.41455078125,1792.0936279296875,1734.55859375,1124.6546630859377,1746.4632568359375,1587.060302734375,1686.579345703125,1743.8160400390625,1596.0543212890625,1941.0709228515625,1935.413818359375,1594.327392578125,886.9523315429688,1678.8702392578125,1904.5498046875,1774.2406005859375,1492.3900146484375,1189.4029541015625,1523.7158203125,1571.310791015625,1860.91943359375,1566.230224609375,1677.5653076171875,1595.6754150390625,1077.73876953125,1374.32958984375,1629.526123046875,1787.093505859375,1733.114501953125,1784.9644775390625,1356.3385009765625,1227.682373046875,1768.6136474609375,1751.79833984375,1083.5799560546877,1827.101318359375,1044.052490234375,1271.437744140625,1955.8687744140625,1998.6097412109373,1664.1861572265625,1382.4149169921875,536.900390625,1689.5184326171875,1641.5126953125,1496.975341796875,1930.5372314453125,1589.218505859375,2032.0477294921875,1743.8597412109375,1580.1065673828125,1334.4007568359375,1911.4444580078125,1356.4114990234375,1535.9833984375,1494.0301513671875,1967.999755859375,1693.5062255859375,1253.6141357421875,1844.5413818359373,1760.5225830078125,1466.2010498046875,1705.447021484375,1491.6256103515625,1824.59375,1616.0810546875,1716.5989990234375,1838.2596435546875,1672.920654296875,1533.81640625,1559.245361328125,1615.8917236328125
503.9636535644531,526.2061157226561,268.49960327148443,484.6671447753906,243.66387939453125,1380.0341796875,1371.4984130859375,903.2488403320312,1804.6917724609373,340.5946350097656,1542.6451416015625,1634.9144287109375,2420.84326171875,2019.2633056640625,1813.9306640625,1416.942138671875,610.3329467773438,1727.7431640625,1812.687744140625,191.47119140625,1750.406005859375,1757.104248046875,337.3990173339844,298.2034912109375,1857.499755859375,1632.1273193359375,1859.603515625,1756.3648681640625,1731.9359130859375,1781.140380859375,1729.1357421875,1152.8487548828125,1612.8609619140625,924.0387573242188,1799.200439453125,1731.666748046875,1119.1351318359377,1739.9835205078125,1588.5682373046875,1684.0556640625,1734.0523681640625,1597.3975830078125,1947.4781494140625,1944.6932373046875,1574.71533203125,873.6181030273438,1672.788330078125,1905.1856689453125,1777.39453125,1487.6065673828125,1187.3131103515625,1527.701171875,1569.9906005859375,1860.1492919921875,1567.6375732421875,1682.3135986328125,1589.8128662109375,1065.0888671875,1369.616455078125,1630.2379150390625,1787.8770751953125,1739.16552734375,1791.7113037109375,1350.2530517578125,1237.8538818359375,1770.5830078125,1755.4342041015625,1081.3121337890623,1840.2340087890625,1037.50439453125,1268.1654052734375,1957.4276123046875,2014.7125244140625,1663.780517578125,1380.95166015625,539.6088256835939,1696.48486328125,1634.89453125,1499.4730224609375,1934.8992919921875,1585.0762939453125,2036.5343017578125,1744.759033203125,1561.107666015625,1330.78173828125,1912.7550048828125,1344.871337890625,1530.64453125,1490.9083251953125,1965.6983642578125,1692.8072509765625,1256.2861328125,1850.6649169921875,1741.9429931640625,1466.0361328125,1707.6494140625,1488.521240234375,1831.4029541015625,1615.60595703125,1713.2054443359375,1834.010498046875,1653.700439453125,1526.1080322265625,1552.1025390625,1624.0230712890625
505.5665588378906,522.52490234375,267.02944946289057,492.6180725097656,243.58116149902344,1391.643310546875,1387.1793212890625,897.1641845703125,1794.7545166015625,342.47528076171875,1548.458984375,1631.954345703125,2439.81591796875,2038.2808837890625,1826.6455078125,1412.85791015625,609.0380249023438,1728.4058837890625,1816.9371337890625,188.74282836914062,1752.5445556640625,1752.350341796875,338.1833801269531,296.7589416503906,1872.3369140625,1634.0902099609375,1876.2144775390625,1757.3162841796875,1725.3731689453125,1774.8642578125,1735.6270751953125,1145.6475830078125,1609.3558349609375,929.6532592773438,1802.84619140625,1731.7431640625,1119.9302978515623,1734.4794921875,1577.76953125,1686.2874755859375,1737.6988525390625,1593.957763671875,1958.1820068359373,1941.68212890625,1567.8922119140625,894.9660034179688,1670.853515625,1915.1279296875,1781.7152099609375,1498.995361328125,1190.8475341796875,1523.0784912109375,1578.8480224609375,1856.569091796875,1562.6038818359375,1681.1517333984375,1592.9300537109375,1068.889404296875,1369.9256591796875,1627.3673095703125,1793.7418212890625,1742.34619140625,1802.5179443359373,1354.9285888671875,1246.872314453125,1774.216064453125,1754.1884765625,1086.8739013671877,1820.3531494140625,1045.8919677734377,1289.7333984375,1951.4603271484373,2027.371337890625,1664.5518798828125,1392.990966796875,547.515869140625,1695.0894775390625,1634.80224609375,1512.8463134765625,1924.0218505859373,1586.918212890625,2040.534912109375,1743.4046630859375,1598.069580078125,1337.8134765625,1920.071533203125,1366.4761962890625,1538.82958984375,1523.0941162109375,1971.2318115234373,1702.8404541015625,1260.66015625,1852.9619140625,1748.33056640625,1463.0179443359375,1703.636474609375,1511.62744140625,1835.283935546875,1616.4541015625,1722.3743896484375,1849.7412109375,1659.6845703125,1549.7254638671875,1567.96435546875,1618.596923828125
511.8988037109375,534.1472778320311,265.22183227539057,502.5412292480469,244.9537353515625,1391.511962890625,1375.0560302734375,923.7980346679688,1800.330810546875,334.9811706542969,1539.819580078125,1629.8455810546875,2417.11572265625,2027.0164794921875,1817.7740478515625,1416.5760498046875,636.83056640625,1724.8291015625,1805.3172607421875,195.96739196777344,1753.253662109375,1762.54931640625,342.7243957519531,297.9661560058594,1877.8427734375,1618.440185546875,1877.105224609375,1750.2236328125,1740.51025390625,1772.56494140625,1736.3897705078125,1152.6619873046875,1612.80615234375,936.1134033203124,1792.444091796875,1727.3560791015625,1126.77880859375,1746.292724609375,1582.869384765625,1677.9417724609375,1746.8316650390625,1599.3465576171875,1953.1204833984373,1943.12109375,1578.6669921875,884.4717407226562,1667.2095947265625,1894.2781982421875,1775.678466796875,1494.703369140625,1188.907470703125,1532.9993896484375,1566.9139404296875,1864.0029296875,1561.13623046875,1673.3232421875,1601.396484375,1069.072265625,1359.6871337890625,1627.98876953125,1788.2972412109375,1741.270751953125,1796.1650390625,1359.0396728515625,1218.7056884765625,1772.0341796875,1746.985595703125,1081.4573974609377,1844.702880859375,1041.5123291015623,1288.301025390625,1960.19287109375,2015.9237060546875,1659.1666259765625,1383.6807861328125,540.2705078125,1688.611083984375,1642.795166015625,1489.7161865234375,1928.817626953125,1588.776123046875,2037.972412109375,1747.8538818359375,1586.0843505859375,1326.758544921875,1912.7437744140625,1369.5633544921875,1534.1605224609375,1510.09423828125,1964.621337890625,1694.678955078125,1244.89453125,1842.8187255859373,1757.26025390625,1457.62255859375,1713.326904296875,1494.4117431640625,1815.3233642578125,1609.8433837890625,1704.370849609375,1837.192626953125,1653.158935546875,1530.2137451171875,1563.30078125,1616.396484375
519.1056518554689,529.7753295898439,270.514892578125,496.0494384765625,247.15208435058597,1399.394287109375,1385.3968505859375,912.9879760742188,1818.4117431640625,333.3282775878906,1545.3065185546875,1633.891845703125,2458.2451171875,2042.7803955078125,1826.015869140625,1425.5277099609375,634.7811279296875,1727.9873046875,1821.2275390625,192.3603820800781,1758.5777587890625,1755.5347900390625,344.5008239746094,299.194580078125,1877.092529296875,1632.3330078125,1878.2125244140625,1765.1044921875,1740.61962890625,1773.7659912109375,1727.591064453125,1150.761474609375,1614.5438232421875,937.738525390625,1793.9124755859375,1740.1546630859375,1128.8896484375,1735.040283203125,1584.6546630859375,1689.9429931640625,1738.83837890625,1599.2750244140625,1953.511474609375,1945.3162841796875,1591.982666015625,880.4013061523438,1660.6251220703125,1916.1025390625,1782.669189453125,1505.7392578125,1187.424560546875,1531.2440185546875,1562.37060546875,1849.789306640625,1557.47265625,1671.0321044921875,1606.9210205078125,1070.853271484375,1373.1708984375,1630.0174560546875,1791.6773681640625,1738.8092041015625,1789.9371337890625,1359.8953857421875,1231.7181396484375,1772.477783203125,1754.5738525390625,1090.39306640625,1829.772216796875,1046.8427734375,1295.0634765625,1955.8809814453125,1998.8939208984373,1673.9420166015625,1376.763916015625,545.7901000976561,1702.1207275390625,1636.0828857421875,1485.7889404296875,1946.078125,1590.470947265625,2031.86328125,1752.58349609375,1558.1976318359375,1326.1832275390625,1920.47412109375,1378.8458251953125,1547.4854736328125,1505.2620849609375,1966.334716796875,1700.4259033203125,1239.251953125,1836.81005859375,1760.3533935546875,1469.36669921875,1708.6324462890625,1479.4957275390625,1826.3497314453125,1608.2861328125,1698.752197265625,1833.403564453125,1669.11083984375,1538.4072265625,1560.6400146484375,1624.99658203125
517.2296752929689,535.2573852539061,262.5717163085937,490.6026306152344,254.48866271972656,1406.2281494140625,1385.765625,926.4802856445312,1836.3701171875,339.4366149902344,1550.968505859375,1639.782958984375,2466.099853515625,2052.618896484375,1818.8798828125,1431.535888671875,632.3556518554688,1736.47265625,1820.4954833984373,194.8959503173828,1760.612060546875,1763.8974609375,351.6216125488281,298.94915771484375,1886.9365234375,1615.985107421875,1890.8795166015625,1750.66943359375,1738.56884765625,1776.0460205078125,1736.8848876953125,1156.329833984375,1613.0758056640625,943.8090209960938,1804.3602294921875,1752.9390869140625,1134.059814453125,1743.2744140625,1576.5845947265625,1686.9176025390625,1747.308837890625,1599.9974365234375,1947.675537109375,1946.2503662109373,1603.2677001953125,863.0578002929688,1664.9210205078125,1909.3262939453125,1782.6474609375,1492.0889892578125,1189.7437744140625,1535.10986328125,1557.4852294921875,1848.5732421875,1549.0133056640625,1677.210205078125,1596.535888671875,1066.735107421875,1370.5721435546875,1636.264892578125,1789.4375,1748.8544921875,1790.027587890625,1352.8607177734375,1234.9603271484375,1765.9735107421875,1759.59130859375,1083.5748291015623,1836.3065185546875,1038.938720703125,1287.05517578125,1954.4931640625,1991.354248046875,1668.966552734375,1378.548583984375,538.8732299804689,1699.8466796875,1643.822021484375,1479.23681640625,1931.00634765625,1592.74951171875,2034.4649658203125,1751.5357666015625,1551.1455078125,1327.01025390625,1909.6663818359373,1381.959228515625,1551.397216796875,1496.4449462890625,1961.4495849609373,1700.2730712890625,1247.8272705078125,1849.491943359375,1762.6357421875,1461.7674560546875,1702.2205810546875,1474.8212890625,1830.1439208984373,1610.2164306640625,1689.7568359375,1842.2113037109373,1682.9964599609375,1536.9366455078125,1552.8565673828125,1620.6207275390625
518.0225219726561,539.447021484375,271.832763671875,501.1930541992188,249.0818328857422,1399.510498046875,1384.7794189453125,926.61376953125,1823.6556396484373,334.267578125,1558.31884765625,1640.9918212890625,2444.5390625,2041.3966064453125,1820.1622314453125,1418.40283203125,639.6066284179688,1731.7127685546875,1811.091064453125,194.31674194335938,1758.1842041015625,1747.0660400390625,347.0449523925781,299.2226867675781,1879.52099609375,1625.5361328125,1875.018310546875,1761.1812744140625,1739.178466796875,1773.2037353515625,1738.21875,1162.578857421875,1611.3707275390625,946.5465698242188,1794.484619140625,1733.394775390625,1124.236572265625,1737.3328857421875,1584.8238525390625,1687.3885498046875,1740.69287109375,1594.044677734375,1948.347900390625,1944.3382568359373,1584.6204833984375,871.50146484375,1664.3173828125,1902.968505859375,1780.7412109375,1492.2886962890625,1190.104736328125,1538.05615234375,1559.4072265625,1863.448974609375,1571.9874267578125,1671.9964599609375,1598.851318359375,1067.7574462890623,1366.1832275390625,1636.359619140625,1790.970947265625,1745.2965087890625,1796.889404296875,1343.7398681640625,1231.5355224609375,1770.2125244140625,1757.35400390625,1076.8941650390623,1830.7431640625,1052.3194580078123,1295.66796875,1949.7445068359373,2000.332275390625,1668.6607666015625,1377.502197265625,547.69287109375,1707.0380859375,1635.8060302734375,1495.483642578125,1938.11474609375,1577.8115234375,2040.3077392578125,1743.3651123046875,1547.1605224609375,1329.3094482421875,1900.9163818359373,1370.428466796875,1555.0718994140625,1483.8173828125,1957.831787109375,1692.3585205078125,1262.0059814453125,1850.5531005859373,1762.0616455078125,1461.7261962890625,1708.790771484375,1480.688720703125,1821.606689453125,1616.0098876953125,1694.2457275390625,1841.5152587890625,1675.0772705078125,1528.7230224609375,1547.9156494140625,1609.708740234375
517.8228759765625,538.560302734375,271.03329467773443,492.7496032714844,240.4718475341797,1408.8179931640625,1386.3603515625,919.7875366210938,1829.5994873046875,332.4378662109375,1560.5484619140625,1637.67138671875,2474.3076171875,2053.178955078125,1814.537841796875,1435.9212646484375,645.2732543945312,1723.467529296875,1820.7679443359373,191.76296997070312,1762.3408203125,1758.2103271484375,347.337890625,293.3641662597656,1870.2822265625,1628.0755615234375,1893.5384521484373,1756.173095703125,1744.6214599609375,1790.7493896484375,1722.7900390625,1152.8922119140625,1613.636474609375,947.1458740234376,1794.350341796875,1736.2431640625,1107.0780029296877,1739.9539794921875,1582.1168212890625,1684.2607421875,1744.4144287109375,1600.7681884765625,1942.3551025390625,1943.13525390625,1576.3585205078125,870.3182373046875,1664.4921875,1898.10400390625,1779.3431396484375,1498.8602294921875,1188.3642578125,1538.988525390625,1563.194580078125,1850.402099609375,1568.5220947265625,1678.8414306640625,1596.6441650390625,1071.2469482421877,1381.156982421875,1633.365478515625,1794.9254150390625,1735.808837890625,1796.649658203125,1348.5511474609375,1239.7564697265625,1775.909912109375,1753.7738037109375,1086.31591796875,1818.5234375,1056.966552734375,1281.1558837890625,1962.186279296875,2009.527587890625,1670.701416015625,1390.314208984375,534.3980102539061,1702.1448974609375,1647.0218505859375,1497.013427734375,1940.47900390625,1588.180419921875,2039.5672607421875,1742.9761962890625,1545.1558837890625,1328.6336669921875,1913.9122314453125,1366.0330810546875,1540.9298095703125,1492.9127197265625,1971.2308349609373,1693.972900390625,1254.7410888671875,1849.5386962890625,1768.77978515625,1460.2838134765625,1711.61962890625,1480.6988525390625,1823.1400146484373,1612.8834228515625,1687.526123046875,1839.37255859375,1670.599853515625,1530.272216796875,1570.1044921875,1621.87890625
518.8228149414061,543.5025024414061,270.11367797851557,495.80792236328125,245.9699859619141,1410.7911376953125,1380.0648193359375,927.7387084960938,1814.04150390625,342.08245849609375,1553.7464599609375,1657.586669921875,2457.784423828125,2045.8023681640625,1824.1917724609373,1430.5985107421875,635.5540771484375,1728.2933349609375,1820.5008544921875,192.61387634277344,1760.06494140625,1758.585693359375,342.9757995605469,293.61492919921875,1866.6961669921875,1621.55419921875,1883.3809814453125,1749.303466796875,1744.7425537109375,1785.7470703125,1726.6910400390625,1158.9677734375,1618.0802001953125,941.9851684570312,1786.166748046875,1733.1741943359375,1112.9276123046877,1733.3275146484375,1585.968017578125,1680.6334228515625,1740.9261474609375,1593.6812744140625,1937.6527099609373,1938.2008056640625,1580.1533203125,895.8575439453125,1669.0069580078125,1894.8583984375,1770.4261474609375,1492.3037109375,1197.7569580078125,1533.224853515625,1564.4151611328125,1851.18505859375,1544.8687744140625,1673.4158935546875,1591.4056396484375,1051.35302734375,1359.5682373046875,1639.057861328125,1790.5943603515625,1738.2794189453125,1800.073974609375,1338.071044921875,1234.396484375,1756.7099609375,1755.471435546875,1073.227783203125,1821.8179931640625,1038.137451171875,1279.3836669921875,1959.63525390625,2009.0921630859373,1658.1317138671875,1385.9351806640625,545.2899169921875,1702.1495361328125,1646.076171875,1501.412109375,1933.5264892578125,1585.6243896484375,2042.12744140625,1735.75,1552.486083984375,1313.327880859375,1908.359619140625,1375.1885986328125,1535.7587890625,1488.8759765625,1971.846435546875,1695.3343505859375,1251.2218017578125,1847.5452880859373,1771.112060546875,1458.62451171875,1705.6265869140625,1470.4781494140625,1816.2412109375,1604.5743408203125,1692.43603515625,1835.859619140625,1653.9677734375,1528.601806640625,1547.3363037109375,1604.273681640625
520.2008666992189,537.2660522460939,262.48898315429693,497.1882629394531,247.58901977539062,1401.3363037109375,1379.9844970703125,918.6287231445312,1815.618408203125,332.1222229003906,1552.71240234375,1646.0711669921875,2469.060546875,2042.7308349609373,1823.52099609375,1421.6619873046875,639.1836547851562,1727.54052734375,1820.73681640625,192.19723510742188,1752.816650390625,1755.4468994140625,335.6461486816406,304.2485046386719,1861.0252685546875,1625.0306396484375,1878.80859375,1751.9525146484375,1745.2578125,1786.6531982421875,1724.5396728515625,1151.7232666015625,1616.702880859375,928.8165893554688,1787.8717041015625,1724.0447998046875,1112.816650390625,1730.6044921875,1583.012451171875,1680.9097900390625,1737.3154296875,1589.755859375,1941.2186279296875,1941.6571044921875,1589.3515625,881.4693603515625,1665.8912353515625,1902.261474609375,1768.8927001953125,1496.0003662109375,1187.1513671875,1531.1234130859375,1557.0921630859375,1855.716064453125,1554.2392578125,1675.37744140625,1605.9552001953125,1063.2108154296877,1366.541748046875,1629.3280029296875,1787.695556640625,1731.5098876953125,1789.31005859375,1337.2515869140625,1235.8870849609375,1768.920654296875,1767.0126953125,1083.129638671875,1818.50732421875,1035.126953125,1282.006103515625,1957.3160400390625,2007.0308837890625,1664.9764404296875,1398.700927734375,545.4467163085939,1701.763671875,1641.8336181640625,1504.3968505859375,1941.0250244140625,1584.93212890625,2036.3121337890625,1736.77099609375,1554.6025390625,1339.7081298828125,1910.4124755859373,1369.788330078125,1528.8734130859375,1488.146728515625,1962.6895751953125,1693.7232666015625,1254.918701171875,1858.324462890625,1748.6593017578125,1463.6793212890625,1709.682861328125,1480.782958984375,1819.4346923828125,1607.3955078125,1685.444091796875,1836.10791015625,1678.031494140625,1532.06494140625,1552.1607666015625,1612.4630126953125
526.726318359375,544.263427734375,272.25820922851557,499.966796875,251.5576477050781,1412.64892578125,1380.7796630859375,914.2119750976562,1829.3297119140625,333.3279724121094,1560.3603515625,1651.453125,2482.293212890625,2054.163818359375,1823.131591796875,1418.0963134765625,639.5235595703125,1735.5777587890625,1821.2178955078125,197.29244995117188,1756.3768310546875,1745.9296875,351.18988037109375,300.8598937988281,1876.222412109375,1621.8582763671875,1887.1441650390625,1754.8184814453125,1736.4453125,1776.8758544921875,1726.2530517578125,1156.3843994140625,1609.1357421875,936.8212280273438,1791.6390380859375,1742.3172607421875,1123.008544921875,1736.968505859375,1592.5250244140625,1684.2894287109375,1734.8326416015625,1599.80810546875,1948.114501953125,1942.4757080078125,1596.005859375,886.0411987304688,1658.97021484375,1908.84765625,1782.7269287109375,1500.7484130859375,1191.8375244140625,1528.668701171875,1563.553955078125,1850.2730712890625,1552.70166015625,1660.3345947265625,1594.7491455078125,1058.8055419921877,1372.5999755859375,1635.4652099609375,1798.2314453125,1736.1644287109375,1789.199462890625,1340.9215087890625,1239.1397705078125,1767.1591796875,1765.967529296875,1077.5240478515623,1810.4140625,1051.6708984375,1277.607177734375,1959.8857421875,1999.006591796875,1671.363525390625,1384.599853515625,537.9351196289061,1716.1597900390625,1642.739013671875,1504.9842529296875,1931.5968017578125,1585.04931640625,2031.17431640625,1731.879150390625,1557.1912841796875,1321.6910400390625,1902.82958984375,1374.07373046875,1544.2275390625,1504.751708984375,1964.99853515625,1691.95703125,1247.9127197265625,1844.5670166015625,1756.2373046875,1463.8511962890625,1697.85888671875,1495.6549072265625,1828.33056640625,1614.5198974609375,1706.5887451171875,1835.7366943359373,1670.3505859375,1534.1575927734375,1558.60791015625,1617.8935546875
516.0712280273439,533.8057861328125,275.74392700195307,495.5104370117188,246.93356323242188,1402.3277587890625,1374.618408203125,912.0427856445312,1815.75,337.0411376953125,1553.8199462890625,1637.714599609375,2473.491455078125,2047.4993896484373,1825.5946044921875,1421.8804931640625,633.9705810546875,1730.049560546875,1813.4615478515625,190.5165252685547,1755.6375732421875,1744.3125,347.3016662597656,293.8550720214844,1867.6622314453125,1620.3265380859375,1872.8819580078125,1753.7314453125,1737.743408203125,1769.8614501953125,1737.8575439453125,1154.4146728515625,1609.5174560546875,938.25634765625,1784.9730224609375,1741.4833984375,1124.510986328125,1730.3055419921875,1592.2314453125,1683.013427734375,1746.3328857421875,1595.8238525390625,1945.4678955078125,1929.7117919921875,1590.1055908203125,872.2800903320312,1665.0260009765625,1892.322998046875,1785.7802734375,1484.404052734375,1189.085205078125,1536.71533203125,1558.7208251953125,1854.453125,1556.50732421875,1670.801025390625,1595.6051025390625,1061.8487548828123,1367.24462890625,1631.8385009765625,1795.7232666015625,1735.8548583984375,1786.5572509765625,1344.748779296875,1232.76708984375,1763.80615234375,1755.9801025390625,1073.11328125,1823.6484375,1055.0694580078123,1281.9884033203125,1963.7911376953125,1997.045654296875,1668.5059814453125,1388.562744140625,543.5753784179689,1707.44482421875,1633.720947265625,1496.3150634765625,1931.104248046875,1589.98876953125,2030.172119140625,1739.9534912109375,1557.2744140625,1322.6007080078125,1899.7283935546875,1371.9873046875,1547.77197265625,1499.2962646484375,1959.6346435546875,1690.5667724609375,1258.2667236328125,1845.2666015625,1756.573974609375,1468.670166015625,1699.907470703125,1480.8258056640625,1809.03662109375,1616.6429443359375,1697.494384765625,1837.7008056640625,1677.4508056640625,1529.8414306640625,1558.72900390625,1617.2796630859375
521.189697265625,544.7136840820311,264.24380493164057,494.761962890625,244.04019165039062,1413.7587890625,1374.7425537109375,912.1388549804688,1818.35693359375,346.1727600097656,1548.21875,1635.110595703125,2457.748291015625,2050.666015625,1829.927001953125,1414.0859375,624.211669921875,1728.2479248046875,1830.0604248046875,197.3360137939453,1758.5113525390625,1743.94677734375,338.92572021484375,294.1187438964844,1865.42431640625,1623.0501708984375,1882.3062744140625,1760.5528564453125,1736.4639892578125,1780.15380859375,1728.0069580078125,1156.9456787109375,1607.815185546875,947.2267456054688,1797.644287109375,1728.9737548828125,1113.3721923828123,1736.2767333984375,1582.9937744140625,1682.542724609375,1735.031005859375,1595.7891845703125,1939.749755859375,1932.842529296875,1580.7679443359375,885.5145263671875,1668.0396728515625,1895.1650390625,1776.023681640625,1494.487060546875,1181.044921875,1532.502197265625,1566.7608642578125,1848.4007568359373,1555.049072265625,1672.6650390625,1598.2021484375,1058.7628173828123,1374.1373291015625,1635.3095703125,1784.3818359375,1744.953369140625,1788.8232421875,1343.8291015625,1239.4696044921875,1769.0775146484375,1755.4876708984375,1076.2301025390623,1816.786376953125,1036.163818359375,1282.4222412109375,1953.18994140625,2008.0758056640625,1668.1595458984375,1395.3082275390625,543.6193237304689,1691.392822265625,1650.283203125,1492.1378173828125,1931.9456787109373,1592.295654296875,2039.6292724609373,1744.6114501953125,1555.60107421875,1327.54443359375,1913.0640869140625,1365.8431396484375,1541.0120849609375,1486.3958740234375,1959.83740234375,1686.34716796875,1258.8095703125,1844.5205078125,1746.334716796875,1466.398681640625,1700.1033935546875,1479.020263671875,1821.6754150390625,1608.0347900390625,1702.8951416015625,1834.2742919921875,1685.187744140625,1542.1737060546875,1562.9482421875,1623.6900634765625
515.1189575195311,536.7391357421875,273.59078979492193,502.5260009765625,245.93524169921875,1404.94384765625,1381.2288818359375,923.9391479492188,1803.78515625,334.7738037109375,1543.05322265625,1629.0128173828125,2428.720947265625,2028.7686767578125,1797.3497314453125,1416.8970947265625,643.7247924804688,1715.6468505859375,1818.49853515625,192.66275024414062,1760.8157958984375,1748.852783203125,343.2546691894531,306.3238525390625,1852.793212890625,1615.89013671875,1876.0238037109373,1747.0087890625,1745.5045166015625,1778.8900146484375,1734.8687744140625,1151.8531494140625,1605.817626953125,943.3269653320312,1791.4515380859375,1739.36328125,1125.2698974609377,1734.9996337890625,1573.752197265625,1679.8857421875,1734.0433349609375,1594.9901123046875,1933.7503662109373,1935.1363525390625,1572.0908203125,884.9021606445312,1670.5081787109375,1907.88134765625,1782.0693359375,1502.5645751953125,1192.6055908203125,1533.9150390625,1565.0439453125,1859.091064453125,1555.049072265625,1679.1192626953125,1602.5570068359375,1060.8905029296877,1365.8961181640625,1636.30908203125,1792.586181640625,1739.066650390625,1796.9456787109375,1326.3304443359375,1233.6971435546875,1770.0255126953125,1757.545654296875,1076.2498779296877,1823.6309814453125,1050.539794921875,1280.5694580078125,1957.082275390625,2009.8759765625,1654.7359619140625,1391.5771484375,545.2982788085939,1694.57275390625,1637.9625244140625,1496.5,1934.8616943359373,1581.2308349609375,2036.417724609375,1740.636962890625,1558.5316162109375,1328.7481689453125,1911.4951171875,1369.6103515625,1545.373046875,1497.3450927734375,1961.4976806640625,1686.2197265625,1252.3447265625,1850.9976806640625,1754.5318603515625,1464.0328369140625,1705.415771484375,1485.1171875,1819.8544921875,1606.0655517578125,1707.021484375,1830.9539794921875,1665.265380859375,1524.4246826171875,1556.81298828125,1622.3724365234375
514.4092407226561,544.85302734375,268.33438110351557,495.84765625,241.8740997314453,1397.3819580078125,1373.639404296875,913.7222290039062,1796.6856689453125,328.3343811035156,1536.4490966796875,1622.6162109375,2461.3291015625,2039.9342041015625,1826.164306640625,1407.2822265625,642.8161010742188,1726.594970703125,1815.412841796875,194.5648193359375,1759.5228271484375,1742.80859375,351.1495056152344,302.967529296875,1862.015380859375,1623.1048583984375,1864.0843505859373,1756.0865478515625,1735.656494140625,1773.8338623046875,1738.5263671875,1151.6304931640625,1606.7047119140625,938.872802734375,1796.510498046875,1734.4964599609375,1131.54345703125,1737.0205078125,1585.3291015625,1681.1021728515625,1728.2274169921875,1589.037353515625,1951.562744140625,1936.864501953125,1585.057861328125,878.8138427734375,1667.40380859375,1896.01171875,1782.8575439453125,1494.1533203125,1191.4638671875,1524.07177734375,1572.51416015625,1853.368408203125,1551.1787109375,1677.711669921875,1600.1566162109375,1074.2213134765623,1367.4237060546875,1636.59326171875,1784.4794921875,1736.703125,1794.6610107421875,1343.6475830078125,1229.1019287109375,1771.5863037109375,1757.716064453125,1079.1116943359377,1823.651123046875,1052.4449462890623,1292.4642333984375,1950.2518310546875,2003.1114501953125,1666.71728515625,1384.67236328125,539.5130615234375,1697.89306640625,1639.0003662109375,1500.06787109375,1931.5439453125,1591.138916015625,2034.6539306640625,1735.1920166015625,1552.4542236328125,1325.8299560546875,1907.483154296875,1370.892333984375,1541.08935546875,1497.646240234375,1968.932373046875,1695.2891845703125,1243.1129150390625,1836.3785400390625,1748.3402099609375,1464.226318359375,1690.7373046875,1482.879638671875,1817.592529296875,1604.7354736328125,1702.4365234375,1841.8455810546875,1670.3636474609375,1528.9013671875,1558.8663330078125,1619.5736083984375
507.2953796386719,520.90087890625,261.42642211914057,494.6612854003906,250.58950805664062,1400.1763916015625,1389.3914794921875,904.8943481445312,1809.826904296875,326.7740173339844,1546.874267578125,1622.39892578125,2458.569580078125,2052.8828125,1816.86181640625,1414.27197265625,641.1949462890625,1724.0042724609375,1814.1964111328125,195.6093292236328,1762.359619140625,1751.9371337890625,349.073974609375,295.84759521484375,1855.1256103515625,1624.7984619140625,1875.9266357421875,1764.3734130859375,1747.046875,1778.2332763671875,1734.39453125,1167.74658203125,1615.9547119140625,942.7083740234376,1784.4119873046875,1740.0709228515625,1138.4072265625,1734.272216796875,1584.3740234375,1682.598388671875,1741.0126953125,1601.8631591796875,1943.5185546875,1937.0826416015625,1596.35302734375,878.6159057617188,1661.6417236328125,1908.137939453125,1781.8916015625,1497.2965087890625,1188.8997802734375,1536.0072021484375,1561.5784912109375,1851.636962890625,1556.5281982421875,1671.171630859375,1596.1790771484375,1073.62060546875,1370.0550537109375,1631.99169921875,1792.613525390625,1748.2373046875,1785.5570068359375,1345.2757568359375,1235.5751953125,1774.9326171875,1758.23681640625,1090.8299560546877,1825.6234130859373,1044.019775390625,1289.9488525390625,1961.8643798828125,1998.205810546875,1673.3514404296875,1382.1583251953125,541.8810424804689,1708.3441162109375,1638.0638427734375,1488.78515625,1936.0936279296875,1585.5299072265625,2030.5953369140625,1744.140380859375,1559.4124755859375,1322.22314453125,1911.719970703125,1383.9937744140625,1540.208740234375,1499.4146728515625,1969.1357421875,1694.5162353515625,1252.5665283203125,1841.7568359375,1748.6123046875,1462.266357421875,1696.5361328125,1484.739990234375,1814.91552734375,1606.1822509765625,1696.4124755859375,1830.4251708984373,1676.785888671875,1536.9415283203125,1553.1318359375,1601.529541015625
518.1795043945311,534.54345703125,268.71420288085943,492.3337707519531,249.9152984619141,1399.2637939453125,1385.4827880859375,907.099609375,1821.14208984375,329.4420166015625,1539.2822265625,1628.6065673828125,2439.60107421875,2034.3118896484373,1814.924560546875,1424.0582275390625,640.3744506835938,1726.640625,1814.26416015625,187.2076873779297,1747.2470703125,1750.1202392578125,335.195068359375,295.5713806152344,1861.3076171875,1624.532958984375,1877.3848876953125,1757.7989501953125,1740.953125,1770.6572265625,1730.6749267578125,1153.987548828125,1612.2574462890625,938.9463500976562,1783.4266357421875,1734.6805419921875,1124.3245849609377,1742.3558349609375,1590.0230712890625,1695.1248779296875,1743.8011474609375,1597.8043212890625,1940.0811767578125,1931.2113037109373,1581.4456787109375,871.064453125,1663.35107421875,1897.4508056640625,1777.8154296875,1493.1658935546875,1190.9439697265625,1527.552978515625,1571.68798828125,1858.342529296875,1559.0252685546875,1669.6480712890625,1599.195556640625,1073.7769775390623,1369.9061279296875,1632.9619140625,1788.3599853515625,1739.08984375,1783.29296875,1338.25244140625,1219.4786376953125,1771.740966796875,1762.7960205078125,1081.58544921875,1821.84619140625,1042.234375,1283.3558349609375,1960.0633544921875,1992.8623046875,1666.65283203125,1376.107421875,541.59033203125,1711.359130859375,1636.491943359375,1492.9541015625,1937.4599609375,1584.46728515625,2033.504150390625,1745.9951171875,1545.745849609375,1331.5394287109375,1921.057861328125,1365.871826171875,1542.7275390625,1497.5570068359375,1964.7626953125,1690.1063232421875,1259.2890625,1850.2625732421875,1742.99462890625,1459.8115234375,1705.09423828125,1485.716552734375,1819.3590087890625,1614.33837890625,1703.11572265625,1834.5555419921875,1661.432373046875,1535.7841796875,1564.72607421875,1614.7783203125
512.0770874023439,538.9027709960939,274.727294921875,497.7192077636719,248.7650146484375,1393.2652587890625,1377.4569091796875,908.29296875,1812.9031982421875,326.0323791503906,1539.35546875,1627.3582763671875,2421.83740234375,2017.151123046875,1812.6177978515625,1422.969970703125,638.9642944335938,1729.965087890625,1810.7874755859373,190.7486267089844,1748.0616455078125,1746.8612060546875,342.06683349609375,299.764892578125,1853.29150390625,1637.0556640625,1855.4339599609373,1748.2440185546875,1738.53271484375,1769.9669189453125,1722.099853515625,1153.735107421875,1608.2095947265625,930.5895385742188,1788.7698974609375,1737.6011962890625,1122.9456787109377,1734.5137939453125,1579.9095458984375,1692.324462890625,1740.799560546875,1594.7960205078125,1931.77099609375,1932.7216796875,1567.248779296875,885.6397094726562,1673.5439453125,1910.626220703125,1776.8629150390625,1488.2054443359375,1189.7320556640625,1517.99267578125,1568.1802978515625,1865.3143310546875,1548.8837890625,1673.2183837890625,1601.1356201171875,1060.4698486328123,1367.7236328125,1623.8138427734375,1776.6048583984375,1732.5711669921875,1794.38037109375,1342.5985107421875,1234.808837890625,1774.307373046875,1755.18505859375,1066.725830078125,1819.8551025390625,1037.59521484375,1278.9005126953125,1944.5947265625,2014.7713623046875,1676.2230224609375,1384.4560546875,540.8572998046875,1697.2161865234375,1637.9022216796875,1505.2899169921875,1930.307373046875,1593.75634765625,2039.3106689453125,1752.054931640625,1561.3388671875,1325.7271728515625,1912.2547607421875,1372.9781494140625,1533.0894775390625,1499.01513671875,1964.5302734375,1696.0557861328125,1251.4847412109375,1844.9716796875,1753.6746826171875,1463.494140625,1709.0318603515625,1487.7310791015625,1821.632568359375,1604.3057861328125,1702.1865234375,1836.1513671875,1657.97412109375,1533.2381591796875,1564.7476806640625,1620.86572265625
502.93389892578125,535.4380493164061,264.4915771484375,484.318603515625,244.3098602294922,1377.468505859375,1364.8973388671875,896.196044921875,1801.0003662109375,338.32794189453125,1529.603759765625,1618.297119140625,2414.811767578125,2014.031005859375,1821.8824462890625,1405.9908447265625,628.06298828125,1718.73974609375,1809.7724609375,187.9213104248047,1757.88525390625,1748.7847900390625,351.8277587890625,299.3599548339844,1850.9443359375,1626.92919921875,1866.498779296875,1760.1051025390625,1742.054931640625,1780.2857666015625,1729.241943359375,1155.8885498046875,1616.4749755859375,937.6067504882812,1787.109375,1729.8914794921875,1118.5552978515623,1735.8602294921875,1586.4454345703125,1679.5419921875,1742.9974365234375,1597.386962890625,1941.7183837890625,1942.4749755859373,1567.8651123046875,882.9832153320312,1671.6806640625,1903.0159912109373,1771.80615234375,1494.91943359375,1195.7442626953125,1525.981201171875,1569.4774169921875,1860.83349609375,1563.01904296875,1664.011474609375,1594.5111083984375,1070.1253662109377,1373.41015625,1639.6817626953125,1781.0594482421875,1733.1829833984375,1789.080810546875,1343.0765380859375,1222.88720703125,1766.8077392578125,1754.179931640625,1079.3304443359377,1828.5264892578125,1040.057861328125,1280.843505859375,1951.58447265625,2014.773681640625,1670.4486083984375,1385.0797119140625,542.3728637695311,1690.8836669921875,1636.6259765625,1498.83935546875,1938.519775390625,1591.5748291015625,2039.7789306640625,1742.615966796875,1570.86328125,1330.705810546875,1920.6624755859373,1373.5355224609375,1538.8511962890625,1502.119384765625,1978.2724609375,1685.2991943359375,1244.1234130859375,1842.4158935546875,1752.0474853515625,1458.548583984375,1703.3023681640625,1484.394775390625,1818.834716796875,1608.79736328125,1701.9254150390625,1834.63671875,1654.3077392578125,1538.094970703125,1546.142333984375,1613.7445068359375
515.5017700195311,547.884765625,268.40487670898443,488.2325744628906,242.4635009765625,1395.439208984375,1380.2158203125,914.1033935546876,1811.3402099609373,341.6878356933594,1549.4619140625,1624.9371337890625,2461.652587890625,2030.2142333984373,1827.4183349609373,1418.0433349609375,629.4442138671875,1724.9041748046875,1811.6771240234373,190.74948120117188,1758.4537353515625,1748.656494140625,343.03826904296875,302.91156005859375,1861.7100830078125,1628.45849609375,1869.273193359375,1760.6484375,1736.922119140625,1778.5992431640625,1726.511474609375,1149.289306640625,1612.3641357421875,939.04248046875,1788.250244140625,1742.3363037109375,1112.9378662109377,1731.393310546875,1583.0648193359375,1677.7447509765625,1731.6439208984375,1593.4969482421875,1934.0594482421875,1936.8731689453125,1579.006591796875,879.0899658203125,1670.8643798828125,1909.3367919921875,1773.10400390625,1489.6109619140625,1190.091796875,1525.2705078125,1566.7906494140625,1863.9942626953125,1559.6888427734375,1669.5982666015625,1599.510986328125,1073.8035888671877,1380.1871337890625,1632.3701171875,1776.7021484375,1736.015625,1778.1650390625,1336.319580078125,1229.5037841796875,1773.6051025390625,1749.628662109375,1089.4337158203123,1826.5321044921875,1041.0528564453123,1282.30126953125,1961.0462646484373,2001.2679443359373,1663.911376953125,1389.032958984375,537.0147094726561,1694.7078857421875,1645.3424072265625,1496.2847900390625,1939.41650390625,1579.8330078125,2031.6319580078125,1744.5406494140625,1566.369140625,1329.4169921875,1915.7000732421875,1372.0518798828125,1543.6845703125,1515.43701171875,1975.7503662109373,1694.58154296875,1247.2913818359375,1836.1658935546875,1756.6827392578125,1471.5992431640625,1705.0810546875,1484.4822998046875,1825.195068359375,1611.6761474609375,1702.636474609375,1835.5450439453125,1671.2431640625,1537.7603759765625,1561.193115234375,1612.566162109375
510.9855651855469,537.8624877929689,275.22412109375,497.4084167480469,242.4364471435547,1411.1500244140625,1388.6619873046875,922.9006958007812,1817.19677734375,338.1322937011719,1558.846435546875,1632.7288818359375,2447.45361328125,2035.5255126953125,1825.351318359375,1416.5980224609375,637.605224609375,1717.631591796875,1804.010498046875,195.0522766113281,1758.761474609375,1753.61865234375,341.95404052734375,297.5948181152344,1858.9058837890625,1629.1512451171875,1856.363525390625,1757.6478271484375,1745.70166015625,1780.34765625,1736.4395751953125,1161.6337890625,1612.068115234375,938.6528930664062,1788.0826416015625,1737.1324462890625,1126.7493896484375,1741.0478515625,1580.7952880859375,1680.7916259765625,1731.630126953125,1596.4537353515625,1955.0382080078125,1942.96826171875,1578.466552734375,882.2738647460938,1662.3626708984375,1912.100341796875,1794.7999267578125,1490.2530517578125,1192.642578125,1523.6483154296875,1569.8726806640625,1871.84765625,1576.2353515625,1671.531982421875,1600.7261962890625,1075.072509765625,1375.0926513671875,1626.5191650390625,1779.6163330078125,1745.75927734375,1798.727783203125,1361.4312744140625,1236.8975830078125,1772.613525390625,1759.9669189453125,1085.0501708984377,1824.9150390625,1042.089599609375,1289.1900634765625,1969.1346435546875,1993.3143310546875,1660.7919921875,1380.1329345703125,547.4365234375,1697.1002197265625,1642.4837646484375,1493.8145751953125,1934.6597900390625,1580.9078369140625,2035.180908203125,1741.8155517578125,1559.938720703125,1322.2646484375,1907.867431640625,1381.8140869140625,1549.169921875,1489.853515625,1962.3062744140625,1696.3336181640625,1253.5380859375,1851.2757568359373,1737.4744873046875,1470.3636474609375,1703.7301025390625,1487.279541015625,1819.1937255859373,1611.9005126953125,1694.8519287109375,1835.807373046875,1659.7626953125,1532.489501953125,1557.738525390625,1612.7213134765625
509.03839111328125,542.5388793945311,270.34783935546875,504.814697265625,244.6361846923828,1402.852783203125,1376.993896484375,910.0132446289062,1816.3375244140625,341.9048767089844,1553.4649658203125,1628.52294921875,2419.115478515625,2024.6650390625,1807.8953857421875,1409.6375732421875,629.3826293945312,1724.9906005859375,1812.27734375,194.7853546142578,1754.0748291015625,1753.0277099609375,345.9682312011719,305.58245849609375,1854.06005859375,1626.655517578125,1848.2301025390625,1752.8773193359375,1743.615966796875,1775.8167724609375,1724.8746337890625,1156.9608154296875,1603.9500732421875,926.2468872070312,1786.8238525390625,1723.1109619140625,1123.923095703125,1733.7991943359375,1589.7640380859375,1686.3297119140625,1737.441650390625,1600.1650390625,1951.8765869140625,1934.8734130859373,1559.6195068359375,887.206298828125,1673.7281494140625,1909.8494873046875,1790.0140380859375,1489.6551513671875,1190.2738037109375,1523.5478515625,1569.7747802734375,1874.7349853515625,1576.1298828125,1679.5755615234375,1590.0743408203125,1072.488525390625,1362.9921875,1631.593994140625,1771.2440185546875,1739.0928955078125,1801.62255859375,1344.0601806640625,1239.8134765625,1794.7109375,1749.7403564453125,1090.2816162109377,1824.2506103515625,1045.11328125,1283.54736328125,1960.3363037109373,2014.5682373046875,1667.9791259765625,1394.9146728515625,551.882568359375,1686.2210693359375,1639.362060546875,1496.80224609375,1942.8314208984373,1590.2841796875,2032.9891357421875,1738.9046630859375,1555.3961181640625,1332.3138427734375,1913.626220703125,1360.825439453125,1528.7509765625,1502.014892578125,1959.9786376953125,1701.47509765625,1253.65869140625,1862.92333984375,1735.759033203125,1468.8668212890625,1721.9892578125,1491.3321533203125,1820.751220703125,1608.8319091796875,1704.5826416015625,1833.6207275390625,1653.837646484375,1531.9527587890625,1549.6485595703125,1609.8165283203125
510.72064208984375,527.8269653320311,274.31216430664057,483.920654296875,242.9372100830078,1383.205322265625,1383.4173583984375,898.1703491210938,1809.1162109375,339.2611389160156,1542.9873046875,1619.4554443359375,2414.957275390625,2017.109375,1815.7777099609373,1412.15625,619.2069091796875,1723.1761474609375,1814.65234375,196.226806640625,1755.804931640625,1737.378662109375,335.6527404785156,289.9696044921875,1857.080810546875,1625.4700927734375,1852.053955078125,1758.4918212890625,1740.459716796875,1781.5390625,1732.5264892578125,1150.7950439453125,1602.0806884765625,932.3396606445312,1799.151123046875,1729.2039794921875,1120.95458984375,1737.9013671875,1590.1761474609375,1681.0606689453125,1745.640869140625,1598.63671875,1953.94140625,1939.4495849609373,1566.033935546875,881.55859375,1669.8603515625,1915.7789306640625,1780.191650390625,1495.6439208984375,1186.171142578125,1522.431640625,1560.662109375,1870.99853515625,1577.2696533203125,1680.18994140625,1584.22900390625,1077.5218505859377,1370.0318603515625,1614.5504150390625,1778.8846435546875,1742.0654296875,1804.9716796875,1341.6162109375,1236.4295654296875,1787.4638671875,1754.6256103515625,1085.9093017578123,1830.8629150390625,1044.8134765625,1270.3531494140625,1957.6292724609373,2018.4638671875,1662.6761474609375,1392.183349609375,538.2225341796875,1689.90966796875,1639.3157958984375,1508.26123046875,1932.7001953125,1580.5711669921875,2038.9027099609373,1735.640380859375,1570.772705078125,1333.8956298828125,1923.09912109375,1372.5692138671875,1542.211669921875,1517.8367919921875,1978.3836669921875,1706.716552734375,1258.8985595703125,1861.7503662109373,1743.3355712890625,1465.1728515625,1710.27978515625,1496.6204833984375,1835.1011962890625,1610.2593994140625,1721.1402587890625,1837.563720703125,1657.9110107421875,1526.3349609375,1563.24462890625,1612.5914306640625
511.6015625,537.4279174804689,275.293701171875,496.646484375,246.5975799560547,1378.142333984375,1374.6810302734375,910.8388061523438,1801.2926025390625,339.2602233886719,1535.7093505859375,1611.7757568359375,2428.68994140625,2002.175537109375,1803.4393310546875,1404.462890625,629.9456787109375,1719.5718994140625,1807.5517578125,191.6504669189453,1744.656005859375,1753.55322265625,344.8569641113281,300.91998291015625,1860.7294921875,1633.7215576171875,1850.3101806640625,1757.9281005859375,1739.339599609375,1772.35693359375,1728.750244140625,1149.5989990234375,1603.6510009765625,933.2704467773438,1801.864501953125,1739.8079833984375,1123.3316650390623,1732.7613525390625,1587.18701171875,1682.5716552734375,1727.870849609375,1594.59130859375,1953.3055419921875,1944.2686767578125,1573.1962890625,877.3530883789062,1669.837646484375,1925.9744873046875,1790.583251953125,1492.148681640625,1182.6878662109375,1518.3289794921875,1572.20361328125,1861.188720703125,1572.05322265625,1676.82373046875,1600.827880859375,1072.923583984375,1366.02734375,1647.2891845703125,1782.4693603515625,1745.2161865234375,1793.3978271484375,1346.517333984375,1235.4071044921875,1786.21875,1753.5147705078125,1077.3843994140623,1818.8199462890625,1061.7064208984377,1272.2867431640625,1942.7431640625,2017.274658203125,1666.863525390625,1393.7435302734375,545.6065063476561,1691.3245849609375,1643.851318359375,1501.31103515625,1942.3525390625,1584.3729248046875,2039.981689453125,1738.251220703125,1566.8846435546875,1330.6683349609375,1911.045654296875,1368.27001953125,1541.1463623046875,1500.0655517578125,1961.1905517578125,1693.572021484375,1251.12939453125,1860.5762939453125,1739.879150390625,1461.9420166015625,1712.2783203125,1487.9859619140625,1813.273681640625,1616.609619140625,1708.935302734375,1828.8963623046875,1658.0751953125,1527.79150390625,1551.436767578125,1613.9957275390625
514.6883544921875,529.5599975585939,274.9854736328125,485.5116271972656,245.6115875244141,1397.5435791015625,1382.4625244140625,916.75537109375,1806.750244140625,338.4804992675781,1542.6134033203125,1631.9564208984375,2474.21728515625,2037.0238037109373,1813.1502685546875,1425.8974609375,620.6258544921875,1738.74462890625,1818.2454833984373,196.6737823486328,1746.5841064453125,1760.8233642578125,357.79034423828125,297.7207946777344,1868.0230712890625,1622.123779296875,1882.9488525390625,1759.1806640625,1734.5462646484375,1779.6387939453125,1719.2216796875,1154.3353271484375,1608.8974609375,931.8953247070312,1801.5308837890625,1733.181884765625,1116.3140869140623,1739.2125244140625,1582.92529296875,1685.3968505859375,1745.04052734375,1591.99560546875,1944.5843505859373,1947.4541015625,1580.744140625,882.6197509765625,1670.7945556640625,1905.7822265625,1780.1116943359375,1494.2789306640625,1194.7562255859375,1526.2884521484375,1560.8997802734375,1841.78662109375,1570.6993408203125,1680.859619140625,1598.73779296875,1069.1602783203123,1368.1103515625,1640.2021484375,1805.152099609375,1735.2965087890625,1781.6142578125,1343.787109375,1242.934814453125,1776.6832275390625,1755.156005859375,1091.0556640625,1834.2686767578125,1047.3726806640623,1281.602783203125,1968.8402099609373,2002.0029296875,1674.8426513671875,1386.635986328125,544.9773559570311,1710.804443359375,1646.375,1500.6346435546875,1932.67724609375,1590.7525634765625,2032.8822021484373,1737.5018310546875,1569.2481689453125,1331.1715087890625,1904.5594482421875,1367.3680419921875,1532.65625,1508.9171142578125,1965.4093017578125,1694.12548828125,1263.095703125,1855.69775390625,1757.70556640625,1463.2269287109375,1711.93505859375,1502.5377197265625,1833.8446044921875,1612.8011474609375,1711.6273193359375,1831.777587890625,1656.274658203125,1535.7615966796875,1563.1734619140625,1618.1759033203125
520.3095703125,538.2343139648439,268.908935546875,504.039794921875,249.4459991455078,1398.1063232421875,1387.6793212890625,927.1605834960938,1809.4744873046875,336.5116271972656,1548.885498046875,1641.3223876953125,2453.896484375,2038.1734619140625,1811.346435546875,1430.914794921875,641.63037109375,1722.7464599609375,1815.61083984375,193.2808074951172,1756.9593505859375,1764.9395751953125,344.41070556640625,305.5618591308594,1878.4095458984373,1623.7823486328125,1891.4384765625,1746.9083251953125,1736.4007568359375,1783.8953857421875,1733.2664794921875,1154.00244140625,1608.37109375,937.7277221679688,1792.3011474609375,1728.652099609375,1118.0579833984377,1739.0465087890625,1577.74462890625,1684.818359375,1742.0123291015625,1589.2493896484375,1946.0693359375,1931.522216796875,1591.899658203125,878.7230834960938,1664.7689208984375,1908.3402099609373,1772.9107666015625,1496.6226806640625,1191.7811279296875,1538.1942138671875,1563.136474609375,1854.1044921875,1555.53515625,1682.51123046875,1600.8026123046875,1068.5244140625,1372.9632568359375,1633.73828125,1801.8408203125,1743.798095703125,1793.8245849609375,1345.9886474609375,1234.3162841796875,1769.40234375,1762.1060791015625,1076.0577392578123,1830.8780517578125,1044.96630859375,1274.829345703125,1964.8199462890625,2000.8458251953125,1658.11669921875,1390.9161376953125,551.5188598632811,1705.0374755859375,1643.1959228515625,1496.001708984375,1937.629150390625,1580.7183837890625,2043.6851806640625,1746.7021484375,1570.089111328125,1327.2381591796875,1915.1944580078125,1361.444580078125,1536.5284423828125,1508.2952880859375,1970.1517333984373,1699.2598876953125,1270.7037353515625,1854.9107666015625,1759.6046142578125,1460.7982177734375,1710.25146484375,1493.0235595703125,1826.26318359375,1613.1795654296875,1701.7412109375,1837.1077880859373,1656.87890625,1528.636474609375,1564.53076171875,1611.4490966796875
519.4661865234375,539.1417846679689,271.78787231445307,500.6564331054688,249.0615539550781,1416.4271240234375,1382.432373046875,927.3734741210938,1815.10302734375,344.4952392578125,1548.448486328125,1644.607177734375,2466.929931640625,2050.28759765625,1815.4456787109373,1430.1788330078125,637.3956298828125,1724.7740478515625,1822.5985107421875,188.8787841796875,1760.1217041015625,1756.0682373046875,342.4585876464844,305.3594665527344,1863.475341796875,1615.2899169921875,1886.8211669921875,1754.6754150390625,1738.847900390625,1785.08740234375,1732.7701416015625,1150.63623046875,1616.7491455078125,943.3171997070312,1795.823974609375,1729.629150390625,1119.90966796875,1738.81494140625,1584.5537109375,1680.1009521484375,1746.3016357421875,1593.3013916015625,1943.2027587890625,1932.5008544921875,1590.0347900390625,884.6734008789062,1664.5001220703125,1895.5582275390625,1768.7869873046875,1494.8572998046875,1191.035400390625,1529.6943359375,1565.610107421875,1855.7646484375,1551.3546142578125,1671.63330078125,1597.8701171875,1068.6806640625,1359.6058349609375,1639.423828125,1796.628662109375,1735.281494140625,1786.65625,1363.1728515625,1234.1298828125,1762.8897705078125,1757.044189453125,1075.7197265625,1836.35693359375,1047.2091064453123,1285.3033447265625,1965.10791015625,2005.2626953125,1667.04736328125,1385.9227294921875,541.604248046875,1701.3046875,1644.78759765625,1489.2711181640625,1931.340087890625,1587.529541015625,2038.625732421875,1739.55224609375,1565.9404296875,1331.580810546875,1906.8663330078125,1355.6636962890625,1540.85595703125,1496.0224609375,1957.6773681640625,1693.110595703125,1259.6513671875,1852.5213623046875,1766.360595703125,1461.3623046875,1701.00439453125,1493.4989013671875,1820.1163330078125,1617.8543701171875,1699.3043212890625,1834.1201171875,1670.3883056640625,1527.7913818359375,1567.8302001953125,1616.1722412109375
515.978759765625,538.4656372070311,266.8824462890625,494.9287109375,247.4795379638672,1403.7008056640625,1377.5589599609375,928.7893676757812,1825.8807373046875,336.1633605957031,1553.9647216796875,1652.6971435546875,2478.11083984375,2060.675048828125,1841.9239501953125,1423.735107421875,638.0095825195312,1730.4241943359375,1825.8702392578125,190.2695770263672,1761.190185546875,1759.87109375,347.7870178222656,295.38726806640625,1885.339599609375,1619.1866455078125,1895.7177734375,1759.9488525390625,1738.8902587890625,1785.7366943359375,1735.1474609375,1152.947509765625,1616.522705078125,943.1055908203124,1802.7177734375,1745.7503662109375,1126.260009765625,1744.4586181640625,1581.3017578125,1684.7353515625,1745.086181640625,1601.6007080078125,1947.5506591796875,1937.6739501953125,1604.3311767578125,881.6744384765625,1664.72607421875,1913.644287109375,1777.699462890625,1499.4447021484375,1192.690185546875,1535.8319091796875,1559.4014892578125,1846.6024169921875,1559.3621826171875,1675.2103271484375,1601.994873046875,1064.4864501953123,1361.7119140625,1629.4149169921875,1795.402099609375,1747.994873046875,1787.8665771484375,1341.662841796875,1248.4813232421875,1759.8707275390625,1754.9967041015625,1078.7537841796877,1814.7100830078125,1047.43212890625,1281.3648681640625,1955.9578857421875,1995.7388916015625,1669.11376953125,1392.5440673828125,547.0198974609375,1708.9482421875,1640.6580810546875,1491.245361328125,1929.859130859375,1587.5399169921875,2035.9359130859373,1739.467529296875,1555.2421875,1346.8515625,1903.9173583984373,1364.3016357421875,1546.00341796875,1493.0882568359375,1965.6219482421875,1696.0501708984375,1253.2431640625,1854.36474609375,1765.83349609375,1453.7410888671875,1700.0357666015625,1481.2867431640625,1819.8128662109373,1612.2607421875,1702.9691162109375,1835.4202880859373,1649.1884765625,1522.5804443359375,1557.2137451171875,1616.2568359375
514.8264770507811,533.4246215820311,278.08657836914057,497.1833801269531,246.9164276123047,1405.955322265625,1386.832275390625,929.8123779296876,1823.7882080078125,338.54931640625,1565.867431640625,1645.36572265625,2481.6328125,2059.121826171875,1843.3836669921875,1427.9359130859375,641.3156127929688,1729.2220458984375,1818.500244140625,190.7660675048828,1758.1031494140625,1759.4044189453125,344.57275390625,297.6527404785156,1886.5628662109373,1623.98486328125,1873.9705810546875,1755.6983642578125,1742.60400390625,1779.5201416015625,1734.3525390625,1159.62060546875,1614.40966796875,942.1644897460938,1803.2755126953125,1736.1163330078125,1126.2705078125,1748.265380859375,1584.2120361328125,1681.4954833984375,1750.4371337890625,1601.5047607421875,1957.7421875,1942.9453125,1601.0980224609375,875.6572875976562,1672.7486572265625,1911.0372314453125,1780.0308837890625,1487.985107421875,1187.9649658203125,1535.4593505859375,1566.4486083984375,1855.35400390625,1560.3917236328125,1680.0850830078125,1597.5706787109375,1061.166748046875,1360.4818115234375,1631.0556640625,1805.97802734375,1741.804443359375,1789.1397705078125,1358.7813720703125,1224.8856201171875,1759.46484375,1755.3680419921875,1071.1561279296877,1834.74853515625,1049.0062255859377,1283.5748291015625,1957.390869140625,2011.664306640625,1671.3875732421875,1378.856689453125,556.7962036132811,1706.476318359375,1643.5379638671875,1495.27783203125,1923.0008544921875,1590.2308349609375,2039.42333984375,1738.86572265625,1568.45849609375,1340.776611328125,1898.683349609375,1363.94384765625,1544.9302978515625,1500.1539306640625,1962.22412109375,1693.470947265625,1257.1502685546875,1857.9332275390625,1760.5980224609375,1460.646484375,1705.4169921875,1486.580322265625,1830.15625,1610.1434326171875,1700.7054443359375,1834.028564453125,1678.3792724609375,1535.92236328125,1554.5196533203125,1606.4412841796875
514.4608154296875,532.014404296875,269.34494018554693,486.929931640625,245.19805908203125,1391.7242431640625,1371.325927734375,913.131591796875,1809.84375,332.7955322265625,1549.941650390625,1638.6971435546875,2474.916748046875,2033.6231689453125,1818.8848876953125,1429.2679443359375,622.8589477539062,1724.545654296875,1819.30322265625,192.9990234375,1755.3641357421875,1762.5517578125,340.35162353515625,302.396728515625,1886.0960693359373,1621.3065185546875,1880.265625,1759.2822265625,1731.9837646484375,1779.1741943359375,1731.831787109375,1149.720703125,1614.64306640625,937.623046875,1800.3353271484375,1735.9952392578125,1122.2933349609377,1743.6806640625,1586.593505859375,1688.871826171875,1757.9912109375,1599.77490234375,1956.66552734375,1932.0,1592.81298828125,872.0711059570312,1664.3421630859375,1899.7596435546875,1767.2100830078125,1495.640380859375,1196.2984619140625,1543.3623046875,1564.1591796875,1853.8004150390625,1551.111083984375,1680.519287109375,1607.781005859375,1066.552978515625,1366.91162109375,1634.6566162109375,1795.7406005859375,1736.280029296875,1794.785400390625,1362.492431640625,1224.5107421875,1761.5426025390625,1755.67333984375,1070.1796875,1820.2816162109373,1043.919677734375,1281.27001953125,1961.7218017578125,2017.7518310546875,1665.2794189453125,1375.1051025390625,541.88134765625,1696.6441650390625,1647.5111083984375,1497.283447265625,1913.70458984375,1587.6876220703125,2036.7752685546875,1742.5411376953125,1564.2164306640625,1315.5294189453125,1918.2296142578125,1356.393310546875,1537.0966796875,1502.650390625,1971.0517578125,1694.4517822265625,1254.55078125,1844.4984130859373,1756.3746337890625,1460.445068359375,1712.2061767578125,1487.712890625,1832.6253662109373,1607.520751953125,1707.40234375,1843.4710693359373,1664.6424560546875,1547.7445068359375,1563.579345703125,1615.8818359375
510.57421875,533.4240112304689,271.5997314453125,492.6492614746094,248.0783843994141,1392.4376220703125,1369.5023193359375,906.3839721679688,1787.416259765625,338.5934143066406,1546.865478515625,1627.096923828125,2451.18505859375,2011.0360107421875,1806.4306640625,1425.1795654296875,618.3881225585938,1727.1656494140625,1810.1787109375,187.7588195800781,1748.4483642578125,1757.6649169921875,345.968505859375,295.8599853515625,1863.63818359375,1620.49169921875,1856.9759521484373,1756.4638671875,1731.5478515625,1779.109375,1729.2900390625,1149.18017578125,1607.7191162109375,921.6828002929688,1795.0673828125,1730.0960693359375,1112.622802734375,1750.9456787109375,1593.8341064453125,1690.92724609375,1749.377685546875,1595.7564697265625,1953.726318359375,1941.643310546875,1604.5753173828125,891.02392578125,1672.5577392578125,1898.2607421875,1760.96826171875,1498.7313232421875,1196.6900634765625,1535.1624755859375,1573.3458251953125,1857.7926025390625,1562.6322021484375,1680.0360107421875,1598.588134765625,1064.13720703125,1363.0335693359375,1626.5185546875,1784.86181640625,1739.473876953125,1792.5595703125,1361.0198974609375,1232.9107666015625,1774.8563232421875,1762.464599609375,1077.4227294921877,1829.4632568359373,1049.7091064453123,1276.8009033203125,1952.4488525390625,2024.671875,1655.208984375,1377.4996337890625,544.9677734375,1693.067138671875,1639.7593994140625,1495.1585693359375,1925.48046875,1576.64111328125,2034.1844482421875,1738.8714599609375,1572.0335693359375,1333.377685546875,1915.3536376953125,1353.04150390625,1520.554443359375,1512.401123046875,1968.1546630859373,1694.4593505859375,1255.013427734375,1839.501220703125,1730.0699462890625,1469.3824462890625,1709.9647216796875,1497.8704833984375,1838.2093505859373,1612.4119873046875,1726.42724609375,1847.07958984375,1645.5751953125,1542.908935546875,1561.07763671875,1620.036376953125
518.3577270507811,539.1646118164061,273.8936767578125,496.7340087890625,248.52734375,1402.8812255859375,1368.0771484375,922.4749145507812,1805.259033203125,332.1499938964844,1553.9158935546875,1632.730712890625,2470.451171875,2040.875244140625,1815.5242919921875,1426.6070556640625,628.4942016601562,1729.7235107421875,1808.7398681640625,188.61105346679688,1756.8851318359375,1750.8533935546875,352.8944396972656,302.60516357421875,1880.8994140625,1621.226318359375,1862.6024169921875,1757.30224609375,1734.6591796875,1773.984619140625,1734.1175537109375,1152.092041015625,1606.882568359375,925.4432373046876,1801.8656005859373,1739.9720458984375,1120.48388671875,1745.754150390625,1586.0714111328125,1689.8492431640625,1742.4498291015625,1598.8388671875,1950.1884765625,1943.7236328125,1602.568603515625,879.7894897460938,1654.7698974609375,1903.593994140625,1779.75927734375,1497.5283203125,1190.02197265625,1532.0191650390625,1558.45849609375,1844.7706298828125,1566.0208740234375,1682.889404296875,1606.8514404296875,1071.4779052734377,1370.6387939453125,1632.2508544921875,1783.72412109375,1733.523681640625,1794.4122314453125,1358.885009765625,1235.2952880859375,1777.7259521484375,1758.167236328125,1081.612548828125,1835.9111328125,1042.5770263671877,1270.88330078125,1939.8792724609373,2012.183837890625,1658.1246337890625,1387.728515625,544.79931640625,1696.7021484375,1635.595458984375,1497.4219970703125,1930.793212890625,1584.8382568359375,2037.8968505859373,1745.695556640625,1566.5146484375,1335.3853759765625,1915.53515625,1343.8292236328125,1527.3480224609375,1502.930908203125,1974.2620849609373,1699.5653076171875,1257.31787109375,1847.0238037109373,1749.2742919921875,1458.096923828125,1700.3857421875,1481.4920654296875,1832.3016357421875,1603.4039306640625,1709.0126953125,1844.9564208984373,1650.3453369140625,1550.5531005859375,1563.383544921875,1629.4169921875
511.15533447265625,538.019287109375,275.73513793945307,494.8124084472656,248.1234893798828,1401.6409912109375,1376.288818359375,920.4436645507812,1815.5888671875,338.421142578125,1548.0406494140625,1643.3824462890625,2439.056884765625,2044.4033203125,1822.0579833984373,1423.353759765625,630.8858032226562,1730.7164306640625,1818.527099609375,190.49278259277344,1762.4041748046875,1750.412841796875,344.1167907714844,304.1717529296875,1869.777099609375,1625.0836181640625,1883.3326416015625,1763.4287109375,1739.4609375,1784.0523681640625,1736.0609130859375,1150.2384033203125,1615.2449951171875,936.5626831054688,1797.27587890625,1735.0760498046875,1123.7005615234377,1742.57275390625,1579.1533203125,1678.5882568359375,1745.9564208984375,1594.4398193359375,1946.9945068359373,1942.9671630859373,1594.847412109375,886.24609375,1666.7069091796875,1906.0823974609373,1768.91796875,1492.7684326171875,1190.3636474609375,1536.9281005859375,1560.1402587890625,1862.9549560546875,1562.4306640625,1676.669189453125,1599.7032470703125,1059.071044921875,1376.1488037109375,1636.177490234375,1787.0986328125,1741.195068359375,1799.8455810546875,1361.6527099609375,1226.2598876953125,1777.981689453125,1755.2049560546875,1075.6314697265623,1839.2113037109373,1046.8260498046877,1277.133056640625,1960.2109375,2008.0823974609373,1666.3629150390625,1382.3819580078125,529.48876953125,1701.7626953125,1632.72607421875,1486.2884521484375,1943.5146484375,1579.79833984375,2038.8211669921875,1743.7640380859375,1556.1556396484375,1324.5745849609375,1910.4820556640625,1365.396240234375,1527.3148193359375,1492.2283935546875,1952.8642578125,1694.0731201171875,1249.7493896484375,1864.6195068359373,1754.183837890625,1455.4324951171875,1705.661865234375,1478.1943359375,1820.860595703125,1606.2269287109375,1700.9403076171875,1834.4810791015625,1655.77685546875,1536.098876953125,1561.4298095703125,1619.5921630859375
503.7301025390625,535.9296264648439,268.06884765625,491.9571838378906,249.68516540527344,1385.5782470703125,1379.346435546875,907.9685668945312,1819.9710693359373,333.47308349609375,1537.515869140625,1637.3702392578125,2426.01904296875,2031.1324462890625,1820.6474609375,1413.03564453125,629.9929809570312,1726.1463623046875,1813.19140625,190.5569610595703,1754.369873046875,1753.4066162109375,339.8448791503906,302.4782409667969,1864.5919189453125,1622.3194580078125,1882.812255859375,1766.02099609375,1738.2177734375,1784.1851806640625,1737.8858642578125,1151.24951171875,1615.825439453125,928.57861328125,1799.4560546875,1726.4644775390625,1125.698486328125,1728.2926025390625,1577.8314208984375,1679.3271484375,1739.7171630859375,1591.0863037109375,1954.155029296875,1949.3001708984373,1593.1195068359375,884.7426147460938,1669.522705078125,1903.354248046875,1774.8302001953125,1501.57080078125,1193.362060546875,1530.1490478515625,1570.5347900390625,1859.2257080078125,1550.4769287109375,1687.788330078125,1600.8447265625,1060.0797119140623,1366.07177734375,1633.3548583984375,1783.171875,1743.7086181640625,1795.9720458984375,1356.350341796875,1224.8583984375,1769.9525146484375,1754.42333984375,1081.45947265625,1838.4837646484373,1035.0289306640623,1290.854248046875,1962.7529296875,2008.9320068359373,1653.232666015625,1383.4937744140625,542.6564331054689,1693.014892578125,1640.0245361328125,1490.963623046875,1942.662841796875,1584.022705078125,2037.0487060546875,1742.20703125,1578.1168212890625,1324.5634765625,1915.0771484375,1359.1917724609375,1524.9132080078125,1491.376708984375,1965.268310546875,1695.0662841796875,1249.026611328125,1858.8428955078125,1766.101806640625,1471.9281005859375,1705.4046630859375,1499.1302490234375,1819.4578857421875,1619.5826416015625,1695.7369384765625,1837.5985107421875,1658.01806640625,1535.8182373046875,1551.5380859375,1615.430908203125
509.4248046875,542.4301147460939,262.04867553710943,499.5089111328125,243.77780151367188,1393.506591796875,1380.5140380859375,915.33154296875,1825.246337890625,339.34307861328125,1549.345947265625,1628.921630859375,2436.242431640625,2034.5445556640625,1820.6201171875,1419.0787353515625,623.38037109375,1726.955810546875,1813.7679443359373,193.6064910888672,1754.0941162109375,1748.4110107421875,338.1189270019531,297.31787109375,1865.1943359375,1627.8011474609375,1876.66015625,1762.4417724609375,1736.7919921875,1778.4281005859375,1738.0853271484375,1149.2496337890625,1608.471435546875,935.02734375,1800.856689453125,1733.3299560546875,1131.7508544921875,1744.14697265625,1582.1138916015625,1688.6405029296875,1739.031494140625,1601.2789306640625,1953.1995849609373,1952.3994140625,1596.064208984375,868.6837768554688,1664.8431396484375,1910.35400390625,1778.359619140625,1498.32666015625,1185.881103515625,1532.9564208984375,1566.8525390625,1859.495849609375,1551.6470947265625,1668.177978515625,1601.0054931640625,1065.591064453125,1368.4014892578125,1640.8712158203125,1782.4132080078125,1742.1634521484375,1787.280029296875,1352.555908203125,1238.014404296875,1765.1832275390625,1751.665283203125,1087.056884765625,1827.374755859375,1052.6937255859377,1285.8355712890625,1958.078125,2006.9954833984373,1666.1363525390625,1393.1339111328125,533.8298950195311,1696.5257568359375,1642.359619140625,1494.9703369140625,1941.49462890625,1591.15380859375,2033.03271484375,1742.6558837890625,1578.526123046875,1329.9248046875,1919.3284912109373,1371.4581298828125,1545.2772216796875,1514.944091796875,1975.8184814453125,1698.40966796875,1244.236083984375,1845.3148193359373,1737.2142333984375,1464.7166748046875,1705.7926025390625,1493.970458984375,1821.5465087890625,1605.4522705078125,1702.2476806640625,1839.9849853515625,1668.215576171875,1520.5185546875,1562.03955078125,1618.71923828125
509.4931640625,539.828369140625,264.031982421875,502.0038146972656,246.4764404296875,1398.43994140625,1378.0040283203125,919.65478515625,1805.9527587890625,331.742431640625,1549.2913818359375,1632.025146484375,2455.96142578125,2029.1046142578125,1804.7659912109373,1417.5626220703125,624.9154052734375,1726.222412109375,1810.4605712890625,185.8734436035156,1749.623779296875,1751.0369873046875,342.7208251953125,301.4227600097656,1861.0452880859373,1617.2022705078125,1845.59228515625,1751.417724609375,1733.3770751953125,1768.4254150390625,1727.4248046875,1153.513916015625,1610.9666748046875,928.8656616210938,1797.546630859375,1729.36474609375,1133.4449462890625,1740.7659912109375,1585.4029541015625,1684.52734375,1740.5980224609375,1593.833984375,1944.1204833984373,1950.13134765625,1585.604248046875,876.1251831054688,1674.701171875,1903.846435546875,1789.3861083984375,1490.6585693359375,1185.194580078125,1536.1005859375,1565.4981689453125,1856.5582275390625,1569.609619140625,1668.3148193359375,1594.904052734375,1075.3031005859377,1368.4232177734375,1631.8135986328125,1775.3753662109375,1740.3753662109375,1799.0172119140625,1347.9571533203125,1230.49755859375,1779.7437744140625,1759.0919189453125,1073.0745849609377,1839.0556640625,1045.2139892578123,1268.6751708984375,1948.0460205078125,2010.0399169921875,1670.15380859375,1387.280029296875,543.445556640625,1692.4566650390625,1641.343017578125,1509.545654296875,1930.5733642578125,1586.9129638671875,2037.3468017578125,1744.3482666015625,1560.1170654296875,1335.0267333984375,1922.786376953125,1369.0775146484375,1537.580810546875,1492.3863525390625,1964.5660400390625,1703.97119140625,1259.0526123046875,1834.09912109375,1746.848876953125,1472.8876953125,1713.3360595703125,1491.8341064453125,1822.9891357421875,1605.995361328125,1698.25146484375,1848.0634765625,1664.1793212890625,1524.7867431640625,1557.2216796875,1615.7459716796875
508.6618041992188,539.5179443359375,269.92001342773443,491.3934631347656,249.2255401611328,1390.083251953125,1367.7135009765625,903.6514282226562,1809.590087890625,336.6364440917969,1544.1258544921875,1630.9052734375,2430.908935546875,2022.15869140625,1812.18896484375,1415.79443359375,629.6157836914062,1732.1220703125,1821.6090087890625,192.296875,1759.8548583984375,1745.9471435546875,338.11712646484375,292.6006164550781,1851.5447998046875,1625.6229248046875,1863.1219482421875,1752.8310546875,1732.509033203125,1775.3831787109375,1729.7535400390625,1152.326416015625,1614.3182373046875,930.2772216796876,1794.871337890625,1740.8310546875,1130.5277099609375,1736.4014892578125,1583.5062255859375,1680.5003662109375,1749.152099609375,1591.91259765625,1952.8067626953125,1939.18115234375,1575.0152587890625,886.8915405273438,1668.56103515625,1919.0667724609373,1789.41259765625,1489.58349609375,1202.663818359375,1543.9766845703125,1571.2318115234375,1870.456787109375,1572.89404296875,1680.3756103515625,1595.1463623046875,1066.35546875,1367.3017578125,1624.2119140625,1770.795654296875,1737.4742431640625,1799.5020751953125,1338.4676513671875,1239.9967041015625,1782.80615234375,1747.1917724609375,1084.696044921875,1822.7867431640625,1043.7181396484377,1278.0914306640625,1946.3680419921875,2014.2933349609373,1657.375,1399.9805908203125,541.1885375976561,1696.0648193359375,1641.8717041015625,1501.1669921875,1938.1839599609373,1588.7999267578125,2030.3511962890625,1740.898193359375,1563.4781494140625,1338.4091796875,1920.4544677734373,1366.5875244140625,1532.6448974609375,1513.233154296875,1976.5693359375,1705.682861328125,1257.53564453125,1848.175537109375,1740.461181640625,1459.3238525390625,1705.3162841796875,1495.6339111328125,1826.7650146484373,1609.2379150390625,1713.871337890625,1836.3701171875,1672.8590087890625,1533.4193115234375,1558.9166259765625,1615.480224609375
500.5457458496094,528.27587890625,261.1756591796875,496.9888916015625,247.6700439453125,1382.30224609375,1377.853515625,899.5389404296875,1816.156005859375,337.41326904296875,1542.61962890625,1623.3287353515625,2401.69677734375,2019.4915771484373,1804.9639892578125,1413.2933349609375,627.0714721679688,1724.007568359375,1810.9775390625,195.1460418701172,1753.2974853515625,1744.6776123046875,343.97088623046875,300.86456298828125,1846.3355712890625,1629.0625,1856.2794189453125,1752.540283203125,1735.4757080078125,1781.4642333984375,1729.706787109375,1154.6356201171875,1613.07861328125,921.931640625,1799.4990234375,1734.025146484375,1130.1043701171875,1734.5784912109375,1581.6241455078125,1681.7650146484375,1739.3062744140625,1590.6209716796875,1949.3575439453125,1949.4393310546875,1572.2027587890625,887.4959106445312,1674.05810546875,1902.7115478515625,1783.0982666015625,1496.477783203125,1179.858154296875,1533.35400390625,1569.3880615234375,1861.7705078125,1557.2130126953125,1673.7730712890625,1591.3739013671875,1072.986083984375,1379.1929931640625,1622.1341552734375,1776.15380859375,1732.307373046875,1790.9996337890625,1340.3330078125,1235.2513427734375,1785.24462890625,1749.4066162109375,1081.8741455078123,1828.06005859375,1053.33740234375,1275.5504150390625,1944.4642333984373,2013.653564453125,1665.990234375,1385.8839111328125,533.4978637695311,1687.0888671875,1639.6558837890625,1513.7808837890625,1924.0927734375,1582.407958984375,2038.6973876953125,1731.03125,1581.08203125,1338.4478759765625,1912.51025390625,1364.774658203125,1534.22314453125,1503.2716064453125,1974.8272705078125,1690.22021484375,1255.0621337890625,1849.0025634765625,1734.638916015625,1463.9356689453125,1700.427734375,1497.169921875,1823.04833984375,1607.039306640625,1711.2952880859375,1827.3924560546875,1648.1761474609375,1520.2987060546875,1553.201171875,1614.2685546875
509.0150146484375,533.6834106445311,268.87997436523443,493.6639099121094,241.1802062988281,1396.88623046875,1372.000732421875,914.1708374023438,1808.012939453125,335.8115234375,1544.2119140625,1629.244140625,2443.858154296875,2035.97021484375,1823.6502685546875,1417.88134765625,627.2008666992188,1723.418701171875,1813.703369140625,193.65582275390625,1753.89599609375,1758.098876953125,341.9211730957031,292.0957336425781,1866.23681640625,1640.5753173828125,1865.87109375,1765.817626953125,1733.4173583984375,1777.73193359375,1727.1466064453125,1151.46875,1609.2835693359375,923.8193969726562,1795.0257568359375,1740.5146484375,1128.231201171875,1739.03515625,1587.380615234375,1686.2711181640625,1718.6343994140625,1597.4097900390625,1962.903564453125,1946.3446044921875,1578.8916015625,866.9027709960938,1667.8753662109375,1921.222412109375,1783.843505859375,1498.1845703125,1188.7841796875,1529.2559814453125,1573.7532958984375,1862.6956787109373,1575.7677001953125,1668.3773193359375,1601.0821533203125,1072.80712890625,1369.60107421875,1635.757568359375,1792.8798828125,1743.6072998046875,1786.3795166015625,1341.429443359375,1235.3143310546875,1778.37255859375,1754.3929443359375,1078.2857666015623,1823.3929443359373,1046.0576171875,1279.7213134765625,1942.93603515625,2004.6820068359373,1672.7890625,1383.7060546875,546.1531982421875,1704.4930419921875,1640.0157470703125,1510.9332275390625,1924.3759765625,1597.56298828125,2029.755126953125,1743.77978515625,1580.7431640625,1339.6907958984375,1923.961669921875,1359.110595703125,1550.153076171875,1506.7021484375,1980.269287109375,1703.5189208984375,1254.2821044921875,1845.96728515625,1759.2337646484375,1470.015869140625,1702.9031982421875,1495.7362060546875,1829.9803466796875,1619.7210693359375,1714.9755859375,1843.4395751953125,1662.3446044921875,1526.8121337890625,1560.862548828125,1628.1240234375
515.8822021484375,534.5134887695311,271.04110717773443,498.0854797363281,246.5865020751953,1398.9254150390625,1379.11669921875,921.0482177734376,1814.8675537109373,330.04241943359375,1549.9189453125,1637.0135498046875,2446.22119140625,2044.83349609375,1835.0810546875,1432.6021728515625,643.6638793945312,1728.73974609375,1809.6361083984373,190.3364715576172,1754.8651123046875,1754.3560791015625,345.293212890625,299.6568298339844,1884.087158203125,1628.4039306640625,1865.730712890625,1751.1375732421875,1730.843994140625,1769.3214111328125,1728.6376953125,1153.25634765625,1604.760986328125,923.1385498046876,1800.3731689453125,1738.47412109375,1129.327392578125,1743.3104248046875,1576.2276611328125,1681.197998046875,1737.4749755859375,1599.4449462890625,1950.3609619140625,1949.25830078125,1597.0572509765625,870.5752563476562,1669.8922119140625,1906.476806640625,1769.6385498046875,1498.1826171875,1180.9716796875,1527.411865234375,1558.6595458984375,1861.7908935546875,1558.7630615234375,1677.9132080078125,1596.4342041015625,1068.251953125,1372.2080078125,1641.35009765625,1803.0433349609373,1741.5465087890625,1786.2791748046875,1346.8121337890625,1230.6319580078125,1769.1187744140625,1756.6083984375,1081.9588623046877,1826.9658203125,1047.750244140625,1279.11865234375,1949.25,2008.0234375,1668.484619140625,1393.2794189453125,545.5017700195311,1703.347900390625,1637.12255859375,1494.5074462890625,1915.8861083984373,1590.7650146484375,2030.52978515625,1745.2672119140625,1565.67529296875,1329.0355224609375,1907.067626953125,1366.0723876953125,1537.3624267578125,1512.1011962890625,1968.6871337890625,1697.83251953125,1255.5323486328125,1828.0556640625,1744.42431640625,1464.471435546875,1700.3062744140625,1496.0380859375,1815.5633544921875,1610.2894287109375,1705.3077392578125,1837.331787109375,1656.51806640625,1536.478759765625,1553.0322265625,1624.8819580078125
507.2724609375,531.6658325195311,268.42242431640625,487.1085510253906,249.99339294433597,1385.02880859375,1382.0491943359375,915.5745239257812,1815.7125244140625,340.2243957519531,1544.9443359375,1627.552490234375,2426.841064453125,2011.9002685546875,1822.58056640625,1418.6475830078125,632.5833740234375,1728.7620849609375,1799.4681396484375,190.8828430175781,1746.468994140625,1759.87353515625,348.957275390625,301.64801025390625,1877.9105224609373,1628.8935546875,1867.4093017578125,1750.0308837890625,1737.2391357421875,1779.920654296875,1723.5479736328125,1157.2666015625,1611.530029296875,916.1138916015624,1800.440185546875,1734.4508056640625,1115.971923828125,1746.15869140625,1581.19775390625,1684.1370849609375,1734.3575439453125,1601.945068359375,1950.3062744140625,1942.7197265625,1584.3533935546875,878.410888671875,1674.7452392578125,1913.596435546875,1781.533935546875,1501.4156494140625,1182.925537109375,1531.4471435546875,1568.891845703125,1853.2601318359373,1571.33984375,1684.82470703125,1593.8956298828125,1065.9840087890623,1365.956298828125,1625.433349609375,1795.61962890625,1744.011474609375,1792.7503662109375,1348.2154541015625,1234.1724853515625,1780.1077880859375,1753.2899169921875,1081.4681396484377,1835.972412109375,1044.5494384765623,1291.56298828125,1962.7230224609373,2014.0045166015625,1669.9451904296875,1388.3297119140625,546.4484252929689,1699.1031494140625,1647.0621337890625,1493.7359619140625,1938.22802734375,1581.7752685546875,2038.5830078125,1742.045654296875,1574.3431396484375,1341.729736328125,1914.83935546875,1363.9869384765625,1523.7247314453125,1505.3155517578125,1968.3023681640625,1685.9759521484375,1267.62890625,1842.5960693359373,1737.4879150390625,1461.037353515625,1713.4036865234375,1496.9949951171875,1822.1973876953125,1608.0321044921875,1713.52587890625,1833.67041015625,1656.6612548828125,1544.0054931640625,1564.1966552734375,1611.294677734375
503.3581848144531,528.8214721679689,269.26266479492193,489.4398193359375,242.7379913330078,1390.0545654296875,1370.4520263671875,912.4967041015624,1813.0069580078125,333.488525390625,1545.885498046875,1631.289306640625,2445.41455078125,2023.633056640625,1839.0654296875,1424.1107177734375,626.8317260742188,1724.671630859375,1811.2115478515625,194.20083618164062,1752.8453369140625,1769.292724609375,345.0699462890625,296.27447509765625,1880.2950439453125,1636.0191650390625,1875.8851318359373,1757.6878662109375,1738.1343994140625,1783.001220703125,1732.9329833984375,1155.27392578125,1612.5692138671875,939.92138671875,1803.5023193359373,1738.7171630859375,1122.0325927734377,1735.59619140625,1581.7470703125,1685.4677734375,1738.9967041015625,1600.4593505859375,1942.176025390625,1949.1268310546875,1576.346435546875,877.499267578125,1675.01220703125,1907.7310791015625,1775.1436767578125,1501.8714599609375,1190.05224609375,1532.2633056640625,1567.7275390625,1858.115966796875,1569.42431640625,1676.0345458984375,1606.3304443359375,1048.0565185546877,1366.138916015625,1637.895263671875,1796.42041015625,1731.477783203125,1792.218505859375,1338.0128173828125,1232.6876220703125,1771.8756103515625,1752.7900390625,1090.9466552734377,1830.238037109375,1036.4736328125,1294.5020751953125,1954.5789794921875,2002.31103515625,1658.50439453125,1383.2744140625,551.4480590820311,1696.4603271484375,1644.6282958984375,1509.0400390625,1926.8184814453125,1584.96337890625,2035.8275146484373,1735.9158935546875,1583.9130859375,1327.3089599609375,1926.69921875,1366.1485595703125,1530.4072265625,1506.914794921875,1975.6907958984373,1706.3433837890625,1257.964599609375,1826.9786376953125,1739.008056640625,1464.548828125,1712.1458740234375,1500.0994873046875,1832.8350830078125,1612.7535400390625,1727.0765380859375,1843.8343505859373,1667.14501953125,1544.2811279296875,1562.146484375,1633.841796875
507.8586120605469,532.1199340820311,268.80923461914057,491.1107177734375,250.2856750488281,1381.7763671875,1375.3377685546875,931.0759887695312,1802.331787109375,334.7828063964844,1544.9781494140625,1631.2786865234375,2434.466796875,2014.7313232421875,1833.3062744140625,1429.806884765625,643.2139892578125,1720.3297119140625,1801.7679443359373,191.88021850585938,1748.8525390625,1770.7894287109375,344.16168212890625,307.17596435546875,1876.0225830078125,1627.0860595703125,1869.367431640625,1753.6998291015625,1737.842529296875,1775.52880859375,1733.5277099609375,1144.0269775390625,1610.87158203125,933.1962280273438,1800.01171875,1720.5765380859375,1128.87548828125,1750.6688232421875,1584.4490966796875,1685.8043212890625,1744.3089599609375,1595.666259765625,1943.817626953125,1945.898193359375,1590.6611328125,875.7713012695312,1666.9049072265625,1903.9422607421875,1771.5751953125,1496.4029541015625,1187.692626953125,1522.5205078125,1561.69189453125,1860.7359619140625,1559.806884765625,1685.714599609375,1605.11279296875,1070.359375,1370.3433837890625,1626.8277587890625,1796.0499267578125,1741.3690185546875,1796.20703125,1348.41943359375,1229.5186767578125,1772.273681640625,1752.46728515625,1075.7125244140623,1828.270751953125,1035.0335693359377,1287.6287841796875,1961.3785400390625,2004.57568359375,1666.9105224609375,1376.4300537109375,546.3275756835939,1694.5118408203125,1645.0947265625,1492.6793212890625,1921.283935546875,1592.4820556640625,2037.8916015625,1729.4375,1573.2437744140625,1335.5009765625,1923.1533203125,1351.5172119140625,1534.9449462890625,1506.6910400390625,1969.4017333984373,1695.2802734375,1249.124267578125,1828.3720703125,1748.1829833984375,1466.0556640625,1698.2794189453125,1493.59130859375,1827.081787109375,1614.673095703125,1703.0401611328125,1847.976318359375,1649.9410400390625,1536.5999755859375,1554.1976318359375,1613.725830078125
512.7703247070311,535.7022094726561,264.78985595703125,492.8361511230469,244.7264862060547,1393.955810546875,1378.643310546875,919.53125,1810.4560546875,332.820068359375,1543.3466796875,1623.22998046875,2456.90576171875,2034.1578369140625,1823.9578857421875,1425.904296875,631.9588012695312,1726.097412109375,1816.33984375,192.5003662109375,1753.04833984375,1762.094970703125,337.5269470214844,297.26483154296875,1875.30615234375,1629.99560546875,1881.1868896484373,1760.2886962890625,1739.716064453125,1778.7298583984375,1738.9906005859375,1151.4053955078125,1612.614990234375,925.4972534179688,1797.266845703125,1739.0306396484375,1126.5789794921875,1740.1689453125,1595.9769287109375,1688.4990234375,1741.7337646484375,1602.3873291015625,1952.2021484375,1950.9039306640625,1599.004150390625,869.2696533203125,1661.4742431640625,1910.0498046875,1779.2861328125,1495.7857666015625,1192.4822998046875,1530.58251953125,1571.67626953125,1859.29052734375,1565.92431640625,1672.0262451171875,1602.9542236328125,1060.7471923828123,1364.5660400390625,1633.4986572265625,1794.3812255859375,1737.0244140625,1801.5081787109373,1342.31689453125,1232.8668212890625,1771.772216796875,1753.621337890625,1092.7225341796877,1821.1038818359373,1033.5308837890623,1281.0341796875,1958.7596435546875,2010.5855712890625,1668.20703125,1390.4710693359375,542.3812866210939,1708.2200927734375,1647.0748291015625,1493.08349609375,1943.0130615234373,1592.4312744140625,2030.6644287109373,1740.8369140625,1571.2459716796875,1330.740478515625,1924.4241943359373,1375.5601806640625,1539.5875244140625,1499.3499755859375,1972.5406494140625,1702.9228515625,1250.514404296875,1848.7640380859373,1742.7554931640625,1469.5313720703125,1695.596923828125,1489.1190185546875,1836.948974609375,1621.2333984375,1714.1575927734375,1837.6019287109373,1665.7625732421875,1541.3690185546875,1563.1552734375,1624.6617431640625
518.6681518554689,533.203125,272.42840576171875,491.9791870117188,251.85467529296875,1404.8271484375,1386.687255859375,918.4278564453124,1825.7103271484373,333.4913330078125,1549.37451171875,1641.7607421875,2458.01611328125,2055.34912109375,1828.24462890625,1417.284423828125,633.5372314453125,1724.5440673828125,1815.36962890625,193.92222595214844,1758.9462890625,1746.921630859375,343.81195068359375,299.054443359375,1871.572998046875,1631.8629150390625,1883.4593505859373,1759.4427490234375,1733.6256103515625,1773.3160400390625,1735.7469482421875,1152.3885498046875,1612.8206787109375,943.1441040039062,1786.0328369140625,1737.704345703125,1125.58154296875,1734.4091796875,1582.8865966796875,1679.0433349609375,1747.4512939453125,1597.4993896484375,1949.3974609375,1935.984619140625,1590.0560302734375,875.5838623046875,1669.4503173828125,1893.8250732421875,1778.816162109375,1495.2691650390625,1183.6607666015625,1535.1427001953125,1559.01611328125,1858.8734130859373,1551.9483642578125,1666.3621826171875,1601.0360107421875,1063.067138671875,1362.2137451171875,1641.958251953125,1798.32421875,1748.8897705078125,1787.3095703125,1344.4996337890625,1233.0137939453125,1770.793212890625,1758.341064453125,1077.804443359375,1823.2144775390625,1052.226806640625,1295.6331787109375,1961.294189453125,2004.40771484375,1668.722900390625,1382.6884765625,544.96630859375,1708.474609375,1640.153076171875,1496.4866943359375,1943.6959228515625,1586.8309326171875,2037.93798828125,1742.0523681640625,1555.5838623046875,1326.810546875,1910.31640625,1380.9879150390625,1556.6065673828125,1507.452392578125,1969.11474609375,1694.6156005859375,1246.2625732421875,1855.3330078125,1756.287841796875,1459.3765869140625,1705.4703369140625,1488.2249755859375,1826.76708984375,1611.682861328125,1696.9085693359375,1832.084716796875,1670.883544921875,1532.0968017578125,1558.8140869140625,1624.806396484375
512.60400390625,536.9541015625,264.20980834960943,498.4337768554688,243.9219512939453,1395.6441650390625,1376.8441162109375,925.23095703125,1823.4951171875,329.56036376953125,1546.0433349609375,1635.28369140625,2435.4716796875,2040.687744140625,1817.64697265625,1413.1259765625,645.0398559570312,1730.1595458984375,1810.664306640625,193.6969757080078,1756.2635498046875,1743.4957275390625,344.224365234375,298.323974609375,1862.3211669921875,1619.061279296875,1872.5625,1758.6025390625,1744.760498046875,1772.7716064453125,1740.3228759765625,1146.713134765625,1610.554443359375,951.5785522460938,1797.8961181640625,1734.47900390625,1127.54638671875,1739.56005859375,1587.5452880859375,1689.007080078125,1740.907470703125,1591.5938720703125,1940.8731689453125,1943.7205810546875,1581.8800048828125,887.1753540039062,1674.9879150390625,1900.1531982421875,1787.322998046875,1488.5545654296875,1190.8780517578125,1526.1068115234375,1564.3990478515625,1869.17041015625,1548.876220703125,1670.290283203125,1599.08544921875,1067.5980224609377,1371.1553955078125,1636.470458984375,1793.8065185546875,1738.902587890625,1791.4317626953125,1353.786376953125,1239.413330078125,1765.65478515625,1755.093994140625,1082.324951171875,1827.3511962890625,1041.158203125,1301.44580078125,1958.131591796875,1995.211181640625,1673.54833984375,1379.6630859375,535.9869995117189,1702.2001953125,1639.294921875,1494.5595703125,1936.8187255859373,1591.6444091796875,2038.3746337890625,1745.29931640625,1552.083740234375,1311.875732421875,1902.4912109375,1377.830322265625,1559.0089111328125,1486.5550537109375,1956.57666015625,1689.4920654296875,1259.4244384765625,1855.76953125,1758.0601806640625,1465.4310302734375,1711.683349609375,1479.1123046875,1818.2718505859373,1610.6336669921875,1699.245849609375,1847.3330078125,1670.884521484375,1530.361328125,1567.355224609375,1610.6572265625
517.8724975585939,540.7804565429689,275.7293701171875,493.3662109375,252.6109161376953,1404.6273193359375,1381.0140380859375,913.319580078125,1817.6409912109373,341.4017639160156,1557.365478515625,1650.9515380859375,2458.236083984375,2057.3232421875,1821.819580078125,1439.5914306640625,636.1866455078125,1727.4892578125,1830.2933349609373,188.8140411376953,1755.1595458984375,1762.4241943359375,348.72967529296875,295.9873962402344,1861.8782958984373,1617.406494140625,1897.8641357421875,1765.3218994140625,1742.7698974609375,1779.85400390625,1732.3690185546875,1158.778564453125,1614.661376953125,949.1769409179688,1800.083251953125,1736.2464599609375,1126.610107421875,1740.3922119140625,1583.384521484375,1689.624267578125,1737.572998046875,1609.7186279296875,1944.2049560546875,1935.64208984375,1586.606201171875,869.1925659179688,1659.6712646484375,1895.4210205078125,1775.0863037109375,1493.3681640625,1195.35302734375,1532.9354248046875,1559.0306396484375,1849.972412109375,1556.9139404296875,1674.21484375,1595.9609375,1067.394287109375,1368.888916015625,1634.2816162109375,1791.613525390625,1730.98828125,1784.2568359375,1353.524169921875,1239.20654296875,1762.5234375,1760.4251708984375,1087.953125,1830.0745849609373,1047.8941650390623,1292.930908203125,1956.6328125,1996.1580810546875,1670.93115234375,1385.0400390625,544.3079223632811,1708.9483642578125,1638.7703857421875,1503.376953125,1934.2249755859373,1584.716796875,2023.6142578125,1748.855712890625,1554.4903564453125,1328.673095703125,1898.3486328125,1379.2225341796875,1547.6585693359375,1493.0858154296875,1965.2073974609373,1696.1773681640625,1250.23046875,1858.9107666015625,1764.9329833984375,1462.7490234375,1703.5421142578125,1480.068359375,1822.1712646484373,1608.890625,1695.0225830078125,1828.5616455078125,1681.299072265625,1551.222900390625,1555.4605712890625,1615.00048828125
514.8360595703125,533.2634887695311,272.2772216796875,498.92376708984375,250.2572479248047,1411.5166015625,1376.0010986328125,919.8806762695312,1824.346435546875,330.8082580566406,1556.8370361328125,1653.2777099609375,2438.3525390625,2056.6064453125,1819.4552001953125,1419.6741943359375,632.8936767578125,1728.3460693359375,1829.4522705078125,191.0263519287109,1759.5880126953125,1746.0869140625,341.70654296875,295.36163330078125,1855.94873046875,1612.4423828125,1888.96875,1752.7647705078125,1745.86865234375,1788.0672607421875,1734.4742431640625,1164.010986328125,1619.68896484375,943.46240234375,1799.3585205078125,1727.5865478515625,1124.7296142578123,1734.996337890625,1587.920654296875,1686.7137451171875,1741.1661376953125,1598.454345703125,1952.687255859375,1935.4952392578125,1584.634765625,865.084716796875,1659.4847412109375,1887.1171875,1771.12744140625,1491.095703125,1189.247802734375,1525.220947265625,1565.3453369140625,1849.04443359375,1553.2933349609375,1680.011962890625,1597.400634765625,1071.56787109375,1377.9061279296875,1635.45947265625,1782.86572265625,1733.67333984375,1784.7374267578125,1351.5694580078125,1240.8824462890625,1765.14453125,1760.6373291015625,1077.85205078125,1828.134033203125,1051.2755126953123,1284.124755859375,1954.625,1994.03369140625,1667.46728515625,1375.3726806640625,545.7523193359375,1698.5584716796875,1642.0445556640625,1490.1964111328125,1938.0814208984373,1584.723876953125,2050.592529296875,1744.3507080078125,1541.1522216796875,1322.499267578125,1907.3955078125,1371.286376953125,1541.120361328125,1490.2896728515625,1950.1324462890625,1693.4510498046875,1251.2774658203125,1872.6282958984373,1763.1478271484375,1458.7847900390625,1699.0308837890625,1484.6676025390625,1814.8804931640625,1609.321044921875,1689.44287109375,1831.9046630859373,1677.6749267578125,1540.53564453125,1555.719482421875,1610.0255126953125
507.7619323730469,540.3648071289061,269.79840087890625,494.6673583984375,250.9505615234375,1407.942626953125,1370.5936279296875,920.02880859375,1824.539306640625,339.55035400390625,1556.541748046875,1645.382568359375,2435.92529296875,2054.81201171875,1826.7913818359373,1427.0445556640625,636.510498046875,1725.9407958984375,1820.4461669921875,190.4698486328125,1761.0491943359375,1746.82177734375,343.61962890625,296.1566162109375,1851.9046630859373,1624.4356689453125,1881.14306640625,1756.432373046875,1738.52197265625,1779.777099609375,1729.450439453125,1153.607177734375,1618.4827880859375,939.6533813476562,1791.0830078125,1731.7777099609375,1114.7152099609377,1738.3812255859375,1582.9757080078125,1680.74169921875,1736.5618896484375,1597.7725830078125,1938.886474609375,1932.4185791015625,1575.0679931640625,868.8072509765625,1664.6376953125,1913.02490234375,1780.5133056640625,1490.1229248046875,1195.11181640625,1534.9429931640625,1569.027587890625,1855.6141357421875,1550.5625,1667.2464599609375,1592.71630859375,1058.0394287109377,1362.9951171875,1632.273681640625,1774.7725830078125,1741.6741943359375,1786.8779296875,1358.0440673828125,1230.3050537109375,1765.151123046875,1755.3756103515625,1079.14501953125,1827.5565185546875,1044.3402099609377,1283.9581298828125,1958.6700439453125,1993.109130859375,1668.3756103515625,1374.138427734375,534.8505859375,1691.3885498046875,1640.547119140625,1496.0179443359375,1945.0198974609373,1586.1905517578125,2041.733154296875,1740.1268310546875,1563.9552001953125,1318.37060546875,1903.6142578125,1366.2137451171875,1537.94287109375,1490.206787109375,1951.445556640625,1677.538818359375,1254.070556640625,1875.37890625,1753.0499267578125,1458.6959228515625,1696.5218505859375,1485.2535400390625,1811.0601806640625,1601.8323974609375,1696.9547119140625,1829.411376953125,1668.1826171875,1527.6585693359375,1555.0189208984375,1606.9605712890625
517.4691162109375,542.2954711914061,266.20761108398443,497.7651062011719,245.77708435058597,1408.8416748046875,1384.35595703125,922.7984008789062,1824.5621337890625,329.9022521972656,1552.936279296875,1649.2706298828125,2447.469970703125,2056.18798828125,1829.21728515625,1421.6754150390625,627.3829345703125,1733.6815185546875,1825.3055419921875,194.84567260742188,1765.3277587890625,1742.28271484375,337.7840270996094,297.100341796875,1855.3067626953125,1622.226806640625,1889.249755859375,1750.808349609375,1743.624755859375,1785.3251953125,1729.68896484375,1154.0511474609375,1614.737548828125,939.251953125,1779.8681640625,1729.37109375,1114.374267578125,1735.9195556640625,1585.4539794921875,1677.3485107421875,1742.7969970703125,1590.4742431640625,1944.8466796875,1931.950439453125,1580.6646728515625,885.8550415039062,1662.8021240234375,1896.7530517578125,1770.4326171875,1487.880859375,1200.2808837890625,1529.772216796875,1560.13525390625,1854.0234375,1551.920654296875,1674.3062744140625,1597.3875732421875,1070.34765625,1366.9688720703125,1621.0738525390625,1785.3294677734375,1735.7515869140625,1785.238525390625,1337.2828369140625,1230.3226318359375,1755.070068359375,1757.0985107421875,1073.46630859375,1816.6348876953125,1042.59521484375,1271.24267578125,1955.5577392578125,1996.2125244140625,1663.15771484375,1389.563232421875,539.9472045898439,1690.760498046875,1637.260498046875,1502.0015869140625,1934.20849609375,1585.7021484375,2042.2470703125,1732.02587890625,1561.8447265625,1331.5546875,1908.1085205078125,1388.7906494140625,1540.36962890625,1499.431884765625,1967.4140625,1693.2940673828125,1246.0870361328125,1863.281494140625,1752.19140625,1460.241943359375,1698.5531005859375,1479.8779296875,1822.3912353515625,1606.834228515625,1699.597412109375,1833.2105712890625,1686.0528564453125,1530.54931640625,1562.3568115234375,1620.044921875
522.0630493164061,546.3439331054689,268.23428344726557,496.1361083984375,248.2783508300781,1397.5108642578125,1383.2412109375,916.6302490234376,1822.0889892578125,338.3358459472656,1555.6285400390625,1638.7698974609375,2437.444580078125,2043.0589599609373,1818.8109130859373,1428.3953857421875,641.3474731445312,1726.3795166015625,1815.591064453125,194.57568359375,1754.3291015625,1751.247802734375,347.4473571777344,297.1433410644531,1871.1163330078125,1622.7298583984375,1869.2220458984373,1749.4991455078125,1751.2041015625,1769.0660400390625,1732.7412109375,1155.032470703125,1616.06201171875,943.0620727539062,1783.09130859375,1735.173828125,1108.152099609375,1731.692626953125,1591.7093505859375,1689.2340087890625,1736.99755859375,1597.2073974609375,1944.7236328125,1929.10400390625,1579.7620849609375,870.0823974609375,1662.944580078125,1895.6318359375,1770.6868896484375,1490.167236328125,1201.2431640625,1524.3092041015625,1566.7451171875,1850.17041015625,1543.808349609375,1666.9693603515625,1598.6085205078125,1071.322998046875,1377.3521728515625,1636.0526123046875,1787.7998046875,1734.1898193359375,1787.368408203125,1339.0335693359375,1237.8363037109375,1761.49267578125,1754.2740478515625,1070.534912109375,1807.4783935546875,1043.0999755859377,1281.983154296875,1944.907470703125,1994.918212890625,1663.4959716796875,1392.35546875,547.8163452148439,1695.431640625,1637.8668212890625,1486.53662109375,1940.270751953125,1589.51416015625,2038.071533203125,1748.0068359375,1552.7965087890625,1329.0291748046875,1911.183837890625,1366.2906494140625,1544.4951171875,1492.518310546875,1969.6544189453125,1685.1015625,1248.560302734375,1853.8702392578125,1765.4918212890625,1456.8099365234375,1701.2784423828125,1480.188720703125,1813.75390625,1616.29248046875,1697.14404296875,1841.8741455078125,1672.40869140625,1523.954345703125,1560.8409423828125,1605.5980224609375
515.9537353515625,543.5609741210939,269.37136840820307,506.2926025390625,239.7517242431641,1411.1683349609375,1391.1331787109375,915.4512939453124,1822.4456787109373,328.18463134765625,1551.01123046875,1636.9876708984375,2456.233154296875,2038.8994140625,1818.245849609375,1425.2430419921875,636.2430419921875,1729.619873046875,1822.331787109375,194.1394805908203,1761.0137939453125,1737.1318359375,344.11431884765625,298.4896545410156,1857.965087890625,1622.8057861328125,1864.3779296875,1763.5927734375,1736.24609375,1765.0408935546875,1728.6063232421875,1165.0133056640625,1610.0433349609375,945.1858520507812,1779.0916748046875,1732.2301025390625,1107.861572265625,1733.18359375,1583.1234130859375,1683.29931640625,1736.0189208984375,1597.45654296875,1944.8851318359373,1933.9996337890625,1585.1829833984375,885.8689575195312,1654.7684326171875,1909.5810546875,1778.859375,1493.216796875,1184.05517578125,1535.0015869140625,1557.541259765625,1853.1229248046875,1548.6409912109375,1663.064453125,1592.118896484375,1071.6024169921877,1370.3536376953125,1633.3944091796875,1784.98974609375,1747.0660400390625,1784.6331787109375,1345.275146484375,1235.96044921875,1770.7386474609375,1761.605712890625,1081.8453369140623,1817.7647705078125,1048.517578125,1268.2691650390625,1957.8612060546875,2004.0797119140625,1670.7198486328125,1391.7183837890625,548.48876953125,1702.29931640625,1638.355224609375,1489.1630859375,1931.015625,1592.296875,2033.77099609375,1747.034912109375,1556.9581298828125,1326.92578125,1911.1358642578125,1367.2030029296875,1550.625,1484.4886474609375,1969.8509521484373,1695.5487060546875,1252.9044189453125,1834.65625,1753.958251953125,1455.994140625,1705.426025390625,1480.0191650390625,1826.6700439453125,1612.712890625,1711.2640380859375,1845.8560791015625,1672.2181396484375,1531.7830810546875,1566.9619140625,1614.274658203125
522.0037231445311,541.9194946289061,268.97836303710943,494.3907775878906,243.6406707763672,1405.0382080078125,1384.8577880859375,919.1430053710938,1810.3955078125,345.2567138671875,1547.02294921875,1631.1427001953125,2457.65234375,2050.98876953125,1823.2431640625,1414.0523681640625,639.8114624023438,1724.5322265625,1826.4678955078125,191.4326171875,1758.3587646484375,1737.8511962890625,347.7598571777344,299.73712158203125,1869.6739501953125,1623.292724609375,1877.406005859375,1744.3284912109375,1736.5269775390625,1777.18212890625,1733.105224609375,1162.0020751953125,1605.7587890625,943.1533813476562,1778.6177978515625,1740.804443359375,1117.4326171875,1736.714599609375,1582.3441162109375,1681.630859375,1741.6063232421875,1596.00830078125,1937.44140625,1934.2218017578125,1581.425048828125,894.5972290039062,1666.02783203125,1906.4549560546875,1778.2366943359375,1494.8934326171875,1192.0595703125,1531.1546630859375,1564.0748291015625,1850.175537109375,1553.6529541015625,1665.2666015625,1594.2529296875,1075.9307861328123,1364.7926025390625,1635.2242431640625,1802.8836669921875,1739.2310791015625,1782.2548828125,1327.4595947265625,1238.1561279296875,1766.6322021484375,1762.2841796875,1068.255126953125,1802.5186767578125,1038.176513671875,1271.836181640625,1963.7431640625,1989.85400390625,1667.223388671875,1389.9134521484375,538.6023559570311,1708.261962890625,1639.0706787109375,1485.3367919921875,1922.91162109375,1582.36474609375,2029.983154296875,1742.86865234375,1560.2705078125,1323.1851806640625,1896.984619140625,1366.197265625,1549.927001953125,1487.519775390625,1954.445068359375,1686.677001953125,1246.36767578125,1836.4781494140625,1762.3466796875,1466.2672119140625,1709.008544921875,1479.97412109375,1814.7962646484373,1606.5438232421875,1704.2945556640625,1827.81787109375,1673.8828125,1529.802490234375,1551.2818603515625,1615.70458984375
515.3408203125,539.4642944335939,269.802490234375,501.3931884765625,241.7049560546875,1397.0362548828125,1376.87744140625,924.391845703125,1805.6949462890625,343.3022155761719,1542.4388427734375,1623.8387451171875,2441.739990234375,2037.3380126953125,1812.9444580078125,1406.0091552734375,639.4758911132812,1727.6614990234375,1812.2987060546875,186.5626983642578,1749.7431640625,1742.1370849609375,346.59698486328125,309.5658874511719,1865.988525390625,1623.7269287109375,1864.06005859375,1744.2578125,1737.1734619140625,1778.885498046875,1728.0994873046875,1171.4730224609375,1606.8424072265625,942.817626953125,1784.3363037109375,1731.8203125,1118.1142578125,1742.9189453125,1576.1700439453125,1683.1568603515625,1743.268310546875,1603.7467041015625,1947.5146484375,1932.0640869140625,1578.6265869140625,880.9275512695312,1678.8582763671875,1902.3822021484373,1787.6171875,1489.4381103515625,1184.0396728515625,1529.0283203125,1567.32470703125,1872.7833251953125,1559.7301025390625,1674.0687255859375,1593.1849365234375,1072.6051025390623,1366.5308837890625,1637.850341796875,1796.97509765625,1741.46484375,1790.9202880859375,1331.669677734375,1229.8974609375,1763.590087890625,1759.991943359375,1071.5255126953123,1814.6318359375,1046.6435546875,1267.494873046875,1964.0172119140625,1999.99853515625,1672.8319091796875,1370.7359619140625,544.4929809570311,1711.19482421875,1636.7169189453125,1491.3238525390625,1917.738525390625,1584.38427734375,2036.4083251953125,1737.6771240234375,1556.8226318359375,1320.339599609375,1909.1490478515625,1365.5875244140625,1545.15234375,1495.6983642578125,1969.313720703125,1701.4447021484375,1253.54638671875,1841.444091796875,1754.264892578125,1461.3798828125,1716.484130859375,1482.51708984375,1810.7216796875,1616.8326416015625,1695.6607666015625,1831.1644287109373,1669.4019775390625,1525.27392578125,1552.353759765625,1610.3544921875
513.208251953125,539.02001953125,271.30865478515625,487.7026062011719,241.91233825683597,1403.7554931640625,1370.2109375,900.9375,1813.77490234375,341.52001953125,1537.803955078125,1639.93115234375,2449.02197265625,2048.84228515625,1820.418212890625,1412.8564453125,631.85107421875,1727.1151123046875,1819.9761962890625,190.1500244140625,1749.8408203125,1746.606689453125,339.582763671875,303.3780212402344,1860.368408203125,1630.5595703125,1862.39208984375,1751.190185546875,1735.55322265625,1777.1484375,1723.0133056640625,1149.381591796875,1604.2386474609375,929.4132690429688,1781.6455078125,1740.972412109375,1106.1510009765623,1732.9488525390625,1587.6162109375,1689.030029296875,1743.0450439453125,1595.336181640625,1938.1187744140625,1924.476806640625,1578.8948974609375,887.5142822265625,1667.64404296875,1895.6856689453125,1780.994873046875,1493.61669921875,1191.9569091796875,1522.310546875,1568.35107421875,1847.7144775390625,1561.4476318359375,1673.824462890625,1596.1405029296875,1066.0726318359377,1371.7440185546875,1641.9366455078125,1788.2283935546875,1742.0303955078125,1795.7601318359375,1328.9490966796875,1229.728759765625,1767.7679443359375,1762.8980712890625,1061.82373046875,1798.5322265625,1038.1007080078123,1275.580322265625,1950.38916015625,2007.31103515625,1660.5286865234375,1373.666748046875,537.856201171875,1703.9326171875,1647.463623046875,1493.7711181640625,1925.031005859375,1583.92431640625,2033.0946044921875,1739.3756103515625,1558.2158203125,1316.7532958984375,1909.2701416015625,1359.157470703125,1539.239013671875,1491.4217529296875,1969.2806396484373,1693.9390869140625,1244.6934814453125,1838.8531494140625,1755.0601806640625,1468.7392578125,1708.6153564453125,1476.48291015625,1825.298095703125,1609.0430908203125,1700.5352783203125,1834.954345703125,1667.0665283203125,1540.1630859375,1561.4837646484375,1622.459716796875
516.8511962890625,530.8449096679689,275.8265380859375,492.2416076660156,246.4896697998047,1400.4228515625,1388.8179931640625,913.74951171875,1820.566162109375,339.87750244140625,1540.833740234375,1634.967041015625,2459.112548828125,2030.8193359375,1824.9215087890625,1418.096923828125,631.9531860351562,1732.0732421875,1820.5582275390625,194.74295043945312,1754.7061767578125,1753.999755859375,345.58868408203125,297.9973449707031,1858.5146484375,1636.06396484375,1875.35302734375,1747.729248046875,1748.4158935546875,1778.6114501953125,1723.6878662109375,1145.3707275390625,1609.8773193359375,928.6658325195312,1785.4366455078125,1736.8369140625,1120.3681640625,1732.572998046875,1587.444091796875,1683.2117919921875,1740.1116943359375,1592.71533203125,1937.7205810546875,1933.0894775390625,1577.73583984375,889.076904296875,1667.0087890625,1894.727783203125,1777.3233642578125,1492.620849609375,1189.6934814453125,1518.71240234375,1565.75,1852.4085693359373,1559.1507568359375,1676.8009033203125,1582.722900390625,1067.1256103515623,1366.6533203125,1629.6195068359375,1782.3203125,1736.7039794921875,1788.203369140625,1326.0538330078125,1238.9837646484375,1761.0828857421875,1756.4718017578125,1070.8101806640623,1821.1214599609373,1053.5400390625,1283.815185546875,1955.465087890625,2004.7938232421875,1673.627685546875,1390.7847900390625,544.4487915039061,1698.0628662109375,1643.562255859375,1496.22021484375,1927.2911376953125,1585.6851806640625,2034.6572265625,1736.74072265625,1546.609375,1318.079833984375,1899.719970703125,1357.3270263671875,1557.50732421875,1481.899169921875,1954.2000732421875,1684.424072265625,1247.8536376953125,1839.941162109375,1759.89990234375,1466.5218505859375,1705.4825439453125,1482.078369140625,1815.8363037109373,1617.4508056640625,1689.5068359375,1827.7100830078125,1659.7308349609375,1522.802490234375,1554.9371337890625,1616.7938232421875
513.1083374023439,538.5167846679689,268.355224609375,490.772705078125,247.8896942138672,1403.1988525390625,1377.1533203125,902.805419921875,1801.2569580078125,331.67901611328125,1540.8619384765625,1630.3349609375,2461.509521484375,2019.6046142578125,1818.70166015625,1410.269775390625,618.4978637695312,1736.6844482421875,1809.335693359375,194.9167938232422,1751.7403564453125,1748.6734619140625,349.757568359375,299.23651123046875,1869.506591796875,1623.0152587890625,1866.488037109375,1751.1907958984375,1738.6904296875,1784.455810546875,1720.5279541015625,1158.1298828125,1607.4215087890625,931.08154296875,1797.4083251953125,1739.4898681640625,1113.911865234375,1736.891845703125,1578.6466064453125,1676.494873046875,1728.5452880859375,1591.5108642578125,1939.277099609375,1941.5565185546875,1584.6318359375,895.9754028320312,1671.6201171875,1894.3885498046875,1783.5369873046875,1491.2364501953125,1181.49609375,1526.8187255859375,1573.4447021484375,1841.5419921875,1561.6129150390625,1672.0411376953125,1599.7952880859375,1065.4105224609377,1375.3328857421875,1637.6107177734375,1784.3167724609375,1735.8681640625,1782.42578125,1351.1868896484375,1226.6669921875,1760.0335693359375,1755.7703857421875,1074.6119384765623,1822.0345458984373,1048.8499755859377,1282.1448974609375,1961.8726806640625,2006.1412353515625,1673.049560546875,1389.2938232421875,545.3888549804689,1699.730224609375,1647.6553955078125,1501.361328125,1932.8997802734373,1586.0120849609375,2038.0634765625,1744.7608642578125,1555.5518798828125,1330.40771484375,1915.9134521484373,1366.4886474609375,1536.807373046875,1507.5589599609375,1964.6136474609373,1700.23046875,1250.5543212890625,1839.593994140625,1756.9129638671875,1459.80517578125,1706.4173583984375,1487.3648681640625,1819.889404296875,1611.8984375,1704.6669921875,1831.98046875,1658.2669677734375,1525.1051025390625,1550.966796875,1609.6715087890625
513.0750732421875,529.08740234375,275.4100952148437,490.1321105957031,247.10223388671875,1406.89794921875,1385.1429443359375,901.0354614257812,1810.4976806640625,335.18084716796875,1538.9591064453125,1614.77392578125,2463.361083984375,2032.691162109375,1814.929443359375,1413.8570556640625,628.4437866210938,1720.938232421875,1816.163818359375,192.13548278808597,1757.0699462890625,1749.5853271484375,343.11834716796875,302.3575744628906,1853.8145751953125,1629.0374755859375,1867.40625,1764.5589599609375,1744.03369140625,1779.95458984375,1731.2015380859375,1155.68798828125,1610.2637939453125,937.313232421875,1793.744873046875,1741.40625,1122.8863525390623,1736.8922119140625,1590.567138671875,1685.808837890625,1740.375,1596.0723876953125,1945.8250732421875,1932.773681640625,1574.265625,888.916748046875,1665.8212890625,1902.761474609375,1788.4017333984375,1494.5035400390625,1192.973388671875,1531.8271484375,1575.5615234375,1844.9893798828125,1554.4661865234375,1676.3330078125,1600.13525390625,1069.3529052734377,1363.972412109375,1647.239501953125,1775.87890625,1739.1937255859375,1786.5721435546875,1340.5809326171875,1232.795654296875,1761.981689453125,1762.6632080078125,1079.78125,1833.18896484375,1048.5618896484377,1281.7486572265625,1965.535400390625,1991.4312744140625,1673.5179443359375,1383.0596923828125,541.1676025390625,1697.6318359375,1646.093994140625,1496.6695556640625,1924.5762939453125,1586.7720947265625,2025.9735107421875,1739.46337890625,1561.9925537109375,1328.5145263671875,1920.7947998046875,1361.205810546875,1534.19482421875,1501.2386474609375,1973.0919189453125,1699.2589111328125,1261.6751708984375,1837.1397705078125,1748.7103271484375,1469.05078125,1697.7164306640625,1492.306884765625,1825.5565185546875,1601.208740234375,1707.483642578125,1836.468505859375,1670.2479248046875,1540.9132080078125,1552.7125244140625,1609.9989013671875
518.0107421875,534.2367553710939,269.663818359375,495.9207458496094,246.4755401611328,1395.682373046875,1379.8331298828125,909.7078247070312,1798.422119140625,340.12628173828125,1540.9942626953125,1618.0274658203125,2452.098388671875,2024.6712646484373,1809.493408203125,1413.7877197265625,634.574951171875,1726.6571044921875,1804.57568359375,190.3984832763672,1756.532470703125,1748.4906005859375,348.5675964355469,305.4951171875,1851.63427734375,1619.6123046875,1872.1346435546875,1759.258056640625,1740.394287109375,1780.5855712890625,1737.7772216796875,1152.4656982421875,1606.495849609375,928.9747924804688,1797.656005859375,1739.8623046875,1121.8370361328123,1743.467529296875,1590.8349609375,1679.45263671875,1747.6817626953125,1591.4677734375,1944.2960205078125,1930.71484375,1583.250244140625,873.0767822265625,1663.3331298828125,1899.4912109375,1786.0498046875,1490.2470703125,1188.106201171875,1535.4541015625,1567.06787109375,1850.5478515625,1571.3787841796875,1671.4864501953125,1596.0960693359375,1068.3238525390623,1367.0572509765625,1631.017333984375,1771.373779296875,1737.8509521484375,1791.3128662109375,1346.267578125,1229.7542724609375,1781.5618896484375,1755.43896484375,1078.1019287109377,1838.18359375,1041.708740234375,1277.9293212890625,1959.762939453125,2008.9267578125,1658.6739501953125,1387.38623046875,552.044189453125,1692.2047119140625,1636.583740234375,1492.5440673828125,1930.9901123046875,1581.8916015625,2037.7039794921875,1737.61962890625,1546.07763671875,1330.1429443359375,1908.944580078125,1362.4036865234375,1526.5472412109375,1502.4000244140625,1962.3118896484373,1689.4459228515625,1262.8369140625,1836.0570068359373,1733.1881103515625,1467.373779296875,1698.8651123046875,1471.8316650390625,1814.97900390625,1601.5528564453125,1688.94580078125,1826.8408203125,1652.929443359375,1533.8524169921875,1560.4149169921875,1611.6507568359375
516.056396484375,524.7186279296875,274.08975219726557,492.0080261230469,248.19715881347656,1400.6112060546875,1385.5035400390625,905.0366821289062,1810.9560546875,338.7429504394531,1555.400146484375,1624.880126953125,2456.20751953125,2030.873779296875,1816.1820068359373,1423.0035400390625,632.7825927734375,1724.5338134765625,1812.1187744140625,186.53347778320312,1757.0968017578125,1763.2547607421875,342.0699157714844,297.0189208984375,1859.9033203125,1628.4459228515625,1870.3250732421875,1757.080810546875,1738.6728515625,1782.704345703125,1732.6920166015625,1145.8883056640625,1610.48388671875,939.4466552734376,1795.014404296875,1736.79296875,1124.3779296875,1742.6148681640625,1580.7445068359375,1678.6617431640625,1751.9146728515625,1599.01708984375,1948.9080810546875,1946.96484375,1587.7705078125,888.8994750976562,1668.6650390625,1908.17724609375,1778.1546630859375,1498.685791015625,1188.2607421875,1535.287841796875,1566.3812255859375,1866.3131103515625,1579.3818359375,1689.44921875,1601.2327880859375,1062.190673828125,1363.1390380859375,1626.660400390625,1778.8089599609375,1741.7154541015625,1802.6585693359373,1356.9080810546875,1226.11474609375,1796.08740234375,1754.6778564453125,1096.568603515625,1841.547119140625,1051.1475830078123,1286.7645263671875,1947.5673828125,2025.4827880859373,1654.2965087890625,1386.55615234375,539.3280639648439,1691.14697265625,1631.767822265625,1509.9586181640625,1934.4705810546875,1584.5775146484375,2030.2073974609373,1746.4969482421875,1581.81005859375,1341.344482421875,1923.458251953125,1367.9912109375,1526.953857421875,1515.5380859375,1969.130126953125,1695.3250732421875,1256.8883056640625,1858.0003662109373,1736.58740234375,1474.78564453125,1701.2220458984375,1502.7646484375,1826.8753662109373,1610.9605712890625,1708.9737548828125,1839.7060546875,1648.5877685546875,1535.9407958984375,1561.3883056640625,1608.9332275390625
509.085205078125,533.1027221679689,266.67831420898443,495.40069580078125,251.1878967285156,1395.784912109375,1379.31591796875,907.515869140625,1792.5750732421875,345.871826171875,1543.5087890625,1628.269287109375,2472.14892578125,2031.1724853515625,1811.847412109375,1419.9979248046875,630.828857421875,1725.5609130859375,1816.4228515625,201.08604431152344,1761.5367431640625,1757.4041748046875,339.9332275390625,297.4164733886719,1871.2779541015625,1624.554443359375,1876.73291015625,1757.245849609375,1737.17138671875,1783.85546875,1734.9749755859375,1153.6583251953125,1605.0999755859375,941.3778686523438,1794.0943603515625,1738.1700439453125,1119.32080078125,1732.9869384765625,1584.2984619140625,1685.5379638671875,1735.0576171875,1588.5560302734375,1939.984130859375,1939.4527587890625,1579.75341796875,880.1122436523438,1665.1256103515625,1898.3492431640625,1764.9239501953125,1502.037353515625,1195.6551513671875,1535.1793212890625,1569.08984375,1849.006591796875,1559.6015625,1680.7047119140625,1590.19775390625,1065.01708984375,1369.8597412109375,1622.4254150390625,1782.1346435546875,1746.0045166015625,1793.9918212890625,1350.3505859375,1235.7548828125,1777.5498046875,1749.859130859375,1088.97998046875,1829.8701171875,1043.141357421875,1286.675537109375,1951.55322265625,2021.1290283203125,1665.7841796875,1391.7794189453125,549.75927734375,1692.47314453125,1647.1529541015625,1502.68017578125,1931.28466796875,1584.5848388671875,2025.8563232421875,1728.1907958984375,1569.5809326171875,1332.72412109375,1918.5360107421875,1370.979736328125,1535.9332275390625,1507.7913818359375,1985.6474609375,1703.6077880859375,1254.5797119140625,1838.1829833984373,1758.472412109375,1467.89208984375,1695.35595703125,1495.98583984375,1823.60546875,1611.6834716796875,1703.7103271484375,1841.8106689453125,1657.8599853515625,1536.82666015625,1558.892822265625,1626.3671875
510.9095458984375,538.0181884765625,271.12240600585943,494.1688537597656,241.6572265625,1388.9599609375,1378.851806640625,905.5604248046876,1798.4912109375,336.198486328125,1537.1756591796875,1627.7672119140625,2443.65283203125,2029.3912353515625,1817.5615234375,1415.180419921875,638.1185302734375,1726.9769287109375,1816.437744140625,194.65380859375,1761.2135009765625,1760.994873046875,349.1308898925781,303.70819091796875,1879.5350341796875,1627.131103515625,1868.317626953125,1769.2298583984375,1736.055908203125,1783.929931640625,1728.528564453125,1148.9652099609375,1610.90576171875,925.5706176757812,1795.0367431640625,1738.7220458984375,1124.64453125,1735.49365234375,1589.4080810546875,1680.859375,1740.65625,1593.29638671875,1934.7738037109373,1943.2974853515625,1578.506591796875,882.7576293945312,1664.944580078125,1900.75,1768.913818359375,1495.4979248046875,1194.623779296875,1526.490478515625,1565.722900390625,1855.932373046875,1561.9495849609375,1676.7354736328125,1593.370849609375,1065.562744140625,1368.7657470703125,1628.185546875,1786.47900390625,1729.2449951171875,1789.40625,1358.694580078125,1224.8052978515625,1772.0616455078125,1759.398681640625,1086.49853515625,1836.328125,1029.938720703125,1289.0953369140625,1959.75,2009.8416748046875,1668.8233642578125,1384.0528564453125,540.1549072265625,1691.625732421875,1638.0172119140625,1497.75439453125,1939.4371337890625,1585.5670166015625,2040.3492431640625,1739.3848876953125,1556.7626953125,1334.8646240234375,1915.6148681640625,1386.1226806640625,1545.5435791015625,1504.134521484375,1966.18212890625,1699.6754150390625,1259.0299072265625,1831.1090087890625,1752.5625,1463.42724609375,1704.8770751953125,1478.9306640625,1811.9326171875,1610.874267578125,1696.88134765625,1838.3402099609373,1659.15478515625,1529.54443359375,1551.9156494140625,1609.5582275390625
514.6764526367189,535.989501953125,268.78439331054693,503.12109375,250.52700805664062,1394.1329345703125,1383.91162109375,914.8524780273438,1810.8974609375,327.1692199707031,1555.9398193359375,1638.174072265625,2455.783203125,2033.765625,1818.8218994140625,1429.8170166015625,630.6915893554688,1726.9915771484375,1814.151611328125,189.08941650390625,1754.6883544921875,1762.9234619140625,339.4798889160156,297.6737365722656,1863.644287109375,1624.367431640625,1869.7747802734373,1773.8690185546875,1742.9564208984375,1781.1500244140625,1729.3092041015625,1143.7440185546875,1613.3720703125,938.4375,1797.2333984375,1724.89208984375,1128.73974609375,1739.69921875,1582.1572265625,1681.381591796875,1746.1591796875,1591.0001220703125,1947.072998046875,1948.54296875,1585.0283203125,891.6299438476562,1668.9368896484375,1894.547119140625,1767.5916748046875,1496.6953125,1187.2470703125,1525.3084716796875,1567.8306884765625,1864.0565185546875,1570.0889892578125,1673.2698974609375,1602.1129150390625,1071.23876953125,1376.4859619140625,1627.3470458984375,1795.878662109375,1731.376708984375,1799.605224609375,1356.9239501953125,1242.630126953125,1788.0048828125,1748.1400146484375,1088.0897216796877,1835.695068359375,1050.39404296875,1279.6231689453125,1950.0931396484373,2021.1826171875,1665.512451171875,1398.2349853515625,533.4554443359375,1696.5147705078125,1636.57470703125,1500.224609375,1943.3897705078125,1585.6986083984375,2041.416259765625,1743.119873046875,1568.9906005859375,1335.8134765625,1912.19287109375,1367.486328125,1525.8681640625,1511.811767578125,1972.6424560546875,1699.1759033203125,1258.9302978515625,1852.17724609375,1751.6669921875,1464.3028564453125,1710.5985107421875,1494.330322265625,1829.582275390625,1615.0921630859375,1710.2899169921875,1846.1595458984373,1652.0643310546875,1534.352294921875,1562.623779296875,1624.5194091796875
518.011962890625,539.9872436523439,274.22119140625,487.2326354980469,247.4212646484375,1401.597900390625,1370.599853515625,912.26025390625,1800.1265869140625,332.7169189453125,1557.3416748046875,1623.9696044921875,2445.794677734375,2030.7838134765625,1818.311279296875,1425.230712890625,628.50732421875,1719.84716796875,1808.5953369140625,192.87110900878903,1755.173095703125,1752.1396484375,343.6737976074219,295.0672607421875,1865.1585693359373,1623.158203125,1872.7991943359373,1761.172119140625,1734.1011962890625,1782.1986083984375,1733.18115234375,1157.7135009765625,1612.954345703125,934.3074340820312,1807.759033203125,1732.7314453125,1126.774169921875,1735.430908203125,1578.763916015625,1676.0303955078125,1750.0855712890625,1586.8558349609375,1943.003662109375,1945.769287109375,1593.267822265625,872.8943481445312,1674.6849365234375,1922.24462890625,1777.66650390625,1493.7274169921875,1186.021728515625,1525.629150390625,1568.6029052734375,1869.5279541015625,1552.697509765625,1673.4730224609375,1618.0491943359375,1076.8447265625,1371.9443359375,1626.7359619140625,1799.186279296875,1743.2822265625,1791.1856689453125,1350.099365234375,1238.0313720703125,1772.6075439453125,1750.3360595703125,1086.7886962890623,1839.1895751953125,1046.3292236328123,1274.4464111328125,1958.234130859375,2018.9173583984373,1654.2403564453125,1395.4404296875,543.5454711914061,1700.0537109375,1642.53466796875,1498.7890625,1941.98974609375,1578.27001953125,2045.1468505859373,1747.5850830078125,1566.708251953125,1340.7099609375,1914.9732666015625,1377.78857421875,1523.894775390625,1515.0452880859375,1969.6661376953125,1697.7188720703125,1261.4237060546875,1858.4007568359373,1761.1722412109375,1465.1004638671875,1719.7398681640625,1496.0771484375,1835.57421875,1614.9566650390625,1711.730712890625,1835.3077392578125,1648.1202392578125,1529.6392822265625,1556.29345703125,1619.142578125
515.45751953125,546.4640502929689,273.968017578125,495.6585998535156,240.2656555175781,1392.7813720703125,1371.2197265625,925.7429809570312,1810.0303955078125,337.1177062988281,1543.094970703125,1621.999755859375,2446.2373046875,2012.359619140625,1804.8052978515625,1420.6209716796875,635.5288696289062,1715.9945068359375,1806.786376953125,194.55470275878903,1758.9068603515625,1752.7296142578125,344.8319396972656,300.4613037109375,1864.105712890625,1611.9468994140625,1863.3070068359373,1768.09765625,1749.0394287109375,1772.7911376953125,1732.3363037109375,1149.8553466796875,1615.1761474609375,937.9534301757812,1794.436279296875,1733.6541748046875,1123.7479248046877,1722.705810546875,1580.002685546875,1691.4346923828125,1729.60693359375,1582.2818603515625,1947.1468505859373,1949.2960205078125,1592.7230224609375,874.3467407226562,1671.0174560546875,1931.28369140625,1790.592529296875,1493.7379150390625,1189.762451171875,1530.0577392578125,1562.3756103515625,1866.0450439453125,1563.3851318359375,1671.896728515625,1611.109619140625,1062.7620849609377,1359.97900390625,1638.669921875,1792.2154541015625,1747.652587890625,1803.7518310546875,1345.5416259765625,1237.1402587890625,1780.9097900390625,1755.879150390625,1088.6944580078123,1821.3262939453125,1050.411376953125,1289.81005859375,1963.798095703125,2019.4891357421875,1669.49560546875,1389.3082275390625,543.5916748046875,1704.2001953125,1644.778564453125,1501.64306640625,1948.3275146484373,1593.22900390625,2048.84130859375,1755.8375244140625,1567.4937744140625,1342.9735107421875,1915.7841796875,1369.7093505859375,1541.1005859375,1503.9091796875,1969.54443359375,1701.512939453125,1261.520263671875,1865.9384765625,1750.2713623046875,1462.9798583984375,1716.5986328125,1499.330322265625,1831.06787109375,1604.2039794921875,1711.4228515625,1840.88134765625,1665.1676025390625,1537.5341796875,1566.1539306640625,1617.47021484375
513.0612182617189,529.5216064453125,263.38687133789057,487.9246520996094,244.8973846435547,1386.37841796875,1380.6212158203125,925.0474853515624,1843.9593505859373,325.906494140625,1549.3572998046875,1635.0595703125,2453.6181640625,2031.62255859375,1829.0941162109373,1413.77490234375,629.8231201171875,1732.1761474609375,1817.0146484375,195.4560546875,1760.9332275390625,1752.5406494140625,344.7360534667969,293.71319580078125,1882.9471435546875,1618.6307373046875,1865.6595458984373,1760.614501953125,1734.882568359375,1779.1083984375,1736.8416748046875,1158.3773193359375,1609.5323486328125,939.2340698242188,1795.3082275390625,1734.613037109375,1134.6361083984375,1739.812255859375,1585.3857421875,1684.442138671875,1729.8330078125,1602.522705078125,1963.7403564453125,1948.506591796875,1587.622802734375,874.4904174804688,1667.242919921875,1923.1397705078125,1776.3988037109375,1498.5953369140625,1183.6114501953125,1539.5732421875,1557.361083984375,1863.02099609375,1570.27734375,1676.343994140625,1602.271728515625,1061.1649169921877,1368.8570556640625,1630.3011474609375,1777.397216796875,1739.823974609375,1792.835693359375,1356.171630859375,1234.5269775390625,1785.7066650390625,1754.0799560546875,1081.4349365234377,1831.14599609375,1052.0655517578123,1284.3424072265625,1953.9241943359373,2011.8836669921875,1663.197509765625,1387.9422607421875,539.4224853515625,1699.2657470703125,1640.2584228515625,1502.7396240234375,1938.6837158203125,1591.89013671875,2038.1246337890625,1747.6566162109375,1579.8157958984375,1332.36962890625,1921.9053955078125,1366.9727783203125,1537.0556640625,1510.7220458984375,1967.5057373046875,1695.3701171875,1248.723388671875,1855.2958984375,1758.192626953125,1460.1016845703125,1717.033203125,1497.8876953125,1831.835205078125,1609.470703125,1713.0675048828125,1843.1021728515625,1664.2659912109375,1534.7066650390625,1559.5286865234375,1617.74853515625
506.1324462890625,535.1974487304689,270.929443359375,492.9281311035156,242.1107940673828,1390.5482177734375,1382.2269287109375,916.8682250976562,1830.1881103515625,335.9929504394531,1549.9007568359375,1641.45068359375,2450.5478515625,2039.250244140625,1822.5068359375,1425.6907958984375,629.82568359375,1723.564208984375,1814.2113037109373,194.03517150878903,1740.3089599609375,1762.610595703125,343.7508239746094,292.9126892089844,1875.61962890625,1631.97998046875,1877.6070556640625,1743.17578125,1729.648681640625,1775.3416748046875,1719.2237548828125,1154.3865966796875,1614.0887451171875,935.31201171875,1803.6539306640625,1730.7247314453125,1127.4173583984375,1750.7171630859375,1584.52001953125,1688.6285400390625,1736.22802734375,1608.259765625,1955.7730712890625,1950.9755859375,1584.6900634765625,872.3724365234375,1662.87255859375,1921.1695556640625,1772.77197265625,1498.694580078125,1192.1558837890625,1527.2525634765625,1557.91943359375,1853.2232666015625,1562.12890625,1677.4735107421875,1597.2412109375,1069.8929443359377,1365.322021484375,1636.6158447265625,1795.0628662109375,1742.0345458984375,1796.6932373046875,1353.0633544921875,1232.079345703125,1768.5672607421875,1758.8116455078125,1075.9058837890623,1831.83984375,1041.8956298828123,1273.004638671875,1959.8963623046875,2001.15478515625,1668.5601806640625,1391.1763916015625,550.816650390625,1700.5589599609375,1640.3770751953125,1495.7567138671875,1936.73193359375,1588.6903076171875,2037.94140625,1738.336181640625,1566.0078125,1326.232666015625,1908.1307373046875,1365.767333984375,1536.0921630859375,1507.1708984375,1966.959716796875,1692.86083984375,1251.3865966796875,1862.48193359375,1752.05712890625,1456.125244140625,1704.2440185546875,1483.7626953125,1833.4775390625,1611.821533203125,1706.5491943359375,1834.5113525390625,1665.765625,1533.2220458984375,1562.4205322265625,1615.181884765625
507.95220947265625,532.1007690429689,266.42526245117193,502.547119140625,249.6990966796875,1378.2581787109375,1364.547119140625,909.7451782226562,1805.0120849609373,344.5343933105469,1538.51611328125,1640.6661376953125,2438.342041015625,2019.5877685546875,1814.0625,1411.8043212890625,618.6896362304688,1719.08740234375,1807.86962890625,192.1970367431641,1748.2364501953125,1762.7718505859375,348.82501220703125,301.0256652832031,1875.608154296875,1622.25390625,1866.2281494140625,1756.3642578125,1729.761962890625,1772.8677978515625,1733.8455810546875,1149.802734375,1613.3638916015625,922.9080810546876,1807.1304931640625,1731.2325439453125,1132.8963623046875,1752.3883056640625,1587.1605224609375,1691.9681396484375,1753.0322265625,1605.626220703125,1970.4007568359373,1936.47509765625,1585.86474609375,888.9178466796875,1675.5654296875,1918.5345458984373,1783.5748291015625,1498.5784912109375,1193.771240234375,1542.1947021484375,1572.3837890625,1874.75146484375,1559.9112548828125,1689.00244140625,1601.450927734375,1062.9388427734377,1377.8583984375,1621.18798828125,1796.9459228515625,1740.492431640625,1808.4576416015625,1365.0301513671875,1237.539794921875,1771.8040771484375,1754.1011962890625,1075.9541015625,1839.3310546875,1048.4615478515623,1280.1552734375,1961.2952880859373,2026.505126953125,1647.52685546875,1388.1949462890625,548.0758666992189,1694.5992431640625,1638.3458251953125,1501.6209716796875,1938.4769287109373,1581.91162109375,2038.02490234375,1744.5211181640625,1566.1011962890625,1328.604248046875,1916.084716796875,1357.609619140625,1529.2886962890625,1498.6685791015625,1966.2506103515625,1699.1318359375,1245.672119140625,1857.96728515625,1737.1373291015625,1455.0126953125,1708.7213134765625,1495.310302734375,1829.25927734375,1610.3609619140625,1704.3492431640625,1844.70068359375,1662.3182373046875,1530.368896484375,1563.531982421875,1617.7574462890625
506.7701110839844,541.216796875,272.78485107421875,498.0648498535156,247.7771453857422,1395.6812744140625,1374.4111328125,914.6483154296876,1802.7125244140625,335.380126953125,1556.1312255859375,1629.827880859375,2417.322021484375,2025.8753662109373,1804.4105224609373,1414.1900634765625,629.1080932617188,1722.546875,1809.2138671875,189.88609313964844,1758.247314453125,1750.7144775390625,353.7359313964844,299.5419006347656,1857.1112060546875,1619.901611328125,1861.754150390625,1751.4185791015625,1740.6024169921875,1779.132568359375,1741.580810546875,1153.0003662109375,1612.94775390625,921.6129760742188,1808.4149169921875,1731.973876953125,1138.9390869140625,1737.9476318359375,1578.0390625,1678.717529296875,1735.83740234375,1595.23876953125,1960.363037109375,1948.9456787109373,1578.6175537109375,889.3182373046875,1665.82421875,1930.417724609375,1792.7864990234375,1492.599853515625,1186.946044921875,1530.1273193359375,1569.03076171875,1885.35400390625,1580.363037109375,1683.3719482421875,1596.865478515625,1064.3321533203123,1365.521240234375,1636.64794921875,1788.0478515625,1750.5308837890625,1802.012939453125,1342.4713134765625,1232.033935546875,1784.3980712890625,1750.8961181640625,1093.2493896484377,1830.9404296875,1064.23779296875,1279.6572265625,1957.507568359375,2016.7647705078125,1674.13623046875,1390.648193359375,541.1536865234375,1704.9658203125,1644.82958984375,1504.9422607421875,1924.9515380859373,1586.130615234375,2035.4599609375,1733.848876953125,1590.4241943359375,1336.8140869140625,1910.0042724609373,1346.7275390625,1534.617431640625,1506.7081298828125,1966.2412109375,1699.3009033203125,1261.748291015625,1857.0390625,1721.875244140625,1477.9833984375,1702.16552734375,1508.2698974609375,1823.1007080078125,1616.2288818359375,1716.6229248046875,1828.787841796875,1655.7861328125,1527.75390625,1553.595458984375,1616.0743408203125
514.0128784179689,542.8717651367189,270.9493408203125,494.523193359375,251.9814910888672,1405.2125244140625,1388.0816650390625,917.3411865234376,1806.4315185546875,335.5133056640625,1562.6109619140625,1639.864990234375,2441.460693359375,2043.5777587890625,1815.2164306640625,1419.5814208984375,633.2633056640625,1724.9522705078125,1815.66650390625,190.40435791015625,1754.5594482421875,1753.3885498046875,344.0384826660156,302.3754577636719,1868.06201171875,1625.578857421875,1867.7349853515625,1759.9173583984375,1736.566650390625,1781.2509765625,1734.627685546875,1155.4383544921875,1610.6265869140625,942.135986328125,1794.9666748046875,1733.0198974609375,1140.7530517578125,1741.1617431640625,1582.3336181640625,1685.105224609375,1752.18896484375,1601.58056640625,1952.8753662109373,1949.5413818359373,1582.6171875,869.9988403320312,1675.9091796875,1912.6427001953125,1792.9630126953125,1494.735107421875,1197.3773193359375,1534.0450439453125,1557.03173828125,1867.09375,1559.6103515625,1677.3851318359375,1605.256591796875,1071.2572021484377,1369.3985595703125,1630.866943359375,1799.4554443359375,1744.1416015625,1795.8980712890625,1360.5133056640625,1241.7691650390625,1781.94921875,1750.63525390625,1078.713623046875,1816.1671142578125,1034.8839111328123,1286.606201171875,1964.5921630859373,2010.047119140625,1669.28955078125,1386.180908203125,547.160400390625,1707.3277587890625,1646.9908447265625,1497.2086181640625,1935.08056640625,1594.7459716796875,2020.5048828125,1736.8961181640625,1575.454833984375,1332.718505859375,1908.1214599609373,1355.8795166015625,1541.7945556640625,1506.64892578125,1963.3070068359373,1681.39306640625,1258.14306640625,1854.1644287109373,1741.49072265625,1461.86181640625,1709.49951171875,1493.5255126953125,1825.22119140625,1611.0770263671875,1700.4429931640625,1833.8314208984373,1657.92626953125,1539.952392578125,1554.2568359375,1617.472900390625
508.6469421386719,533.7947998046875,265.45785522460943,503.074951171875,249.5908203125,1404.117919921875,1379.8206787109375,931.5231323242188,1813.1986083984373,329.860107421875,1556.4757080078125,1642.8670654296875,2431.310546875,2038.3016357421875,1818.077880859375,1425.244384765625,644.2485961914062,1730.8441162109375,1817.87353515625,190.265869140625,1753.497314453125,1749.5306396484375,342.6886291503906,301.5033264160156,1863.8975830078125,1633.3602294921875,1883.457275390625,1738.2413330078125,1740.81884765625,1776.0594482421875,1730.2821044921875,1156.898681640625,1610.9180908203125,937.8981323242188,1795.7073974609375,1727.0777587890625,1146.5128173828125,1745.4486083984375,1582.0880126953125,1684.6544189453125,1746.3955078125,1604.4217529296875,1946.0670166015625,1934.73974609375,1596.0699462890625,876.35791015625,1670.5484619140625,1901.30078125,1769.9473876953125,1495.3353271484375,1193.077392578125,1533.0848388671875,1565.5264892578125,1863.4691162109373,1563.1265869140625,1663.4146728515625,1597.3974609375,1070.6429443359377,1366.10009765625,1636.243896484375,1795.54052734375,1738.7601318359375,1786.295654296875,1347.7872314453125,1220.527099609375,1764.886962890625,1755.4774169921875,1074.7591552734377,1826.1109619140625,1045.736328125,1290.7281494140625,1950.2978515625,2008.316650390625,1666.054443359375,1380.57421875,546.676513671875,1708.5064697265625,1646.1220703125,1487.9429931640625,1932.295654296875,1590.50927734375,2037.3353271484373,1739.29296875,1565.2001953125,1330.5921630859375,1912.3330078125,1349.95849609375,1530.38330078125,1498.136474609375,1960.99609375,1701.0615234375,1257.0621337890625,1851.3272705078125,1751.3057861328125,1457.7244873046875,1704.8941650390625,1483.0228271484375,1816.40234375,1615.984619140625,1703.1253662109375,1830.7183837890625,1649.0426025390625,1535.8902587890625,1556.4058837890625,1619.4249267578125
515.0648803710939,535.2684326171875,273.4180908203125,497.0475463867188,245.2318572998047,1402.1390380859375,1378.7230224609375,927.4200439453124,1830.3558349609373,337.4638671875,1555.2305908203125,1640.9674072265625,2463.450439453125,2045.8218994140625,1839.2685546875,1436.5523681640625,636.4110717773438,1734.2139892578125,1808.5438232421875,187.13417053222656,1751.91259765625,1753.5684814453125,346.4053039550781,295.9871826171875,1872.704345703125,1629.21923828125,1872.40234375,1758.2978515625,1742.913818359375,1767.90869140625,1728.1944580078125,1151.6572265625,1612.064453125,946.760986328125,1804.4696044921875,1739.8245849609375,1112.548828125,1748.9117431640625,1588.0042724609375,1693.10205078125,1754.84912109375,1596.4063720703125,1962.01953125,1940.1129150390625,1612.321533203125,877.28173828125,1671.5372314453125,1906.8377685546875,1783.144287109375,1499.4468994140625,1196.3681640625,1538.5355224609375,1553.4520263671875,1858.3382568359373,1585.522705078125,1693.4613037109375,1595.865234375,1067.7987060546877,1369.0203857421875,1636.11083984375,1788.3472900390625,1743.2275390625,1792.9638671875,1361.1578369140625,1226.5858154296875,1783.5360107421875,1761.76708984375,1093.913818359375,1853.01416015625,1052.544189453125,1280.055419921875,1961.6854248046875,2007.074462890625,1670.3916015625,1386.0716552734375,532.7219848632811,1709.230712890625,1633.7105712890625,1507.7803955078125,1927.885498046875,1580.984375,2028.1141357421875,1746.1932373046875,1571.3349609375,1335.6539306640625,1915.5030517578125,1370.3172607421875,1547.3804931640625,1503.2222900390625,1977.938720703125,1704.2789306640625,1252.1871337890625,1860.5086669921875,1746.4500732421875,1460.679931640625,1719.58740234375,1492.1650390625,1839.7281494140625,1608.904052734375,1719.8038330078125,1851.3248291015625,1671.998779296875,1546.2716064453125,1567.3826904296875,1630.26416015625
505.66986083984375,537.1908569335939,262.294677734375,486.1109313964844,246.89517211914062,1391.6318359375,1370.7119140625,919.9371948242188,1817.5654296875,336.54241943359375,1538.714111328125,1635.655517578125,2442.317138671875,2034.7493896484373,1831.957275390625,1420.0955810546875,630.2548828125,1722.9298095703125,1822.5462646484373,191.60317993164062,1756.6103515625,1758.6751708984375,340.2242736816406,294.9974060058594,1870.7197265625,1631.04736328125,1879.3284912109373,1762.39990234375,1743.37353515625,1783.284912109375,1734.487060546875,1150.1807861328125,1611.2724609375,918.9182739257812,1787.0875244140625,1729.78759765625,1104.5916748046877,1736.1007080078125,1583.650146484375,1686.1904296875,1739.7791748046875,1596.0570068359375,1950.121337890625,1932.3206787109373,1586.05078125,872.7861938476562,1668.09716796875,1898.6676025390625,1771.254150390625,1491.6201171875,1186.9913330078125,1523.786376953125,1570.7257080078125,1853.3897705078125,1561.0394287109375,1677.8804931640625,1591.76171875,1060.5556640625,1366.1171875,1633.6031494140625,1781.1351318359375,1729.0762939453125,1797.6336669921875,1345.1038818359375,1234.6265869140625,1779.6842041015625,1754.8170166015625,1073.857177734375,1831.295654296875,1045.3291015625,1288.4271240234375,1947.0399169921875,2007.3052978515625,1667.427734375,1383.5467529296875,538.40283203125,1691.52392578125,1634.4462890625,1491.4600830078125,1932.847900390625,1585.7347412109375,2043.97412109375,1743.6773681640625,1549.8798828125,1318.746826171875,1910.7958984375,1364.97900390625,1542.117431640625,1494.3564453125,1962.024658203125,1693.6300048828125,1251.917236328125,1848.7755126953125,1746.7611083984375,1465.8916015625,1706.7877197265625,1477.640380859375,1827.8768310546875,1607.74267578125,1685.5042724609375,1837.0458984375,1673.1846923828125,1538.2208251953125,1554.60595703125,1607.0133056640625
504.8728332519531,531.540283203125,272.4276123046875,492.3106384277344,250.99557495117188,1384.140869140625,1378.58154296875,919.3903198242188,1819.9119873046875,340.1659851074219,1544.0823974609375,1635.310546875,2444.42236328125,2030.71630859375,1814.9794921875,1421.6888427734375,632.8418579101562,1728.2548828125,1812.2530517578125,188.96466064453125,1748.7650146484375,1760.3121337890625,344.8975830078125,302.8674011230469,1874.4066162109373,1631.0135498046875,1867.4681396484373,1755.7177734375,1736.6318359375,1775.19287109375,1719.3604736328125,1151.8907470703125,1615.3804931640625,926.2250366210938,1805.523193359375,1741.5994873046875,1109.5308837890623,1740.040283203125,1581.7408447265625,1687.4869384765625,1731.78662109375,1601.1214599609375,1937.9122314453125,1949.18115234375,1584.2655029296875,874.7276000976562,1669.3070068359375,1899.8544921875,1776.96875,1502.08740234375,1182.29833984375,1534.1260986328125,1575.2437744140625,1858.78271484375,1563.7222900390625,1686.5419921875,1596.91943359375,1062.546875,1373.671630859375,1633.795166015625,1793.1129150390625,1734.773193359375,1788.528564453125,1345.07763671875,1239.6119384765625,1767.2945556640625,1753.9866943359375,1077.1268310546877,1826.5126953125,1046.5653076171877,1282.9210205078125,1947.3426513671875,2004.3291015625,1664.3228759765625,1370.8797607421875,552.3980712890625,1704.2720947265625,1640.931396484375,1496.0140380859375,1933.1083984375,1577.835205078125,2032.8531494140625,1738.5267333984375,1560.628173828125,1332.4423828125,1919.77587890625,1365.984375,1536.3709716796875,1494.06787109375,1961.1839599609373,1685.9906005859375,1251.8170166015625,1850.6917724609373,1747.570068359375,1462.742431640625,1704.23291015625,1489.4755859375,1811.343994140625,1610.9366455078125,1695.7412109375,1835.3525390625,1654.2730712890625,1532.5675048828125,1565.4478759765625,1625.2498779296875
510.18292236328125,535.2785034179689,268.850830078125,499.6588745117188,251.55307006835938,1400.0953369140625,1384.7991943359375,917.806640625,1822.5447998046875,337.2667541503906,1545.89990234375,1635.7659912109375,2472.484130859375,2048.9267578125,1811.1685791015625,1424.8966064453125,627.8857421875,1737.1270751953125,1821.210693359375,196.2282257080078,1756.630126953125,1750.973876953125,336.6835021972656,303.07830810546875,1874.6976318359373,1627.7357177734375,1873.8836669921875,1759.9134521484375,1732.7706298828125,1776.0439453125,1729.4578857421875,1150.97509765625,1614.5135498046875,927.3753051757812,1791.731689453125,1734.5174560546875,1121.8819580078123,1749.0032958984375,1580.0146484375,1685.39599609375,1736.6812744140625,1595.481201171875,1950.9375,1941.0078125,1601.14306640625,884.6084594726562,1659.1524658203125,1905.6875,1788.298095703125,1502.1925048828125,1192.320068359375,1535.7347412109375,1561.1893310546875,1845.147216796875,1546.542236328125,1672.5618896484375,1591.213134765625,1073.0394287109377,1372.615966796875,1637.6605224609375,1793.2734375,1742.7962646484375,1782.1734619140625,1338.0213623046875,1239.5001220703125,1756.1619873046875,1763.6375732421875,1073.4638671875,1819.0784912109373,1044.2242431640623,1271.412353515625,1955.9681396484373,1998.4554443359373,1670.0703125,1386.8402099609375,543.2214965820311,1704.4619140625,1642.126708984375,1490.8031005859375,1928.2625732421875,1582.6861572265625,2042.871337890625,1744.5616455078125,1565.1488037109375,1333.2833251953125,1917.776123046875,1366.7618408203125,1553.996826171875,1510.305908203125,1970.3992919921875,1697.970703125,1247.7274169921875,1850.656494140625,1763.5511474609375,1463.4691162109375,1702.7398681640625,1485.7763671875,1819.7960205078125,1616.791259765625,1713.898681640625,1838.7894287109373,1671.6494140625,1528.7379150390625,1564.9632568359375,1616.329345703125
518.2181396484375,531.0377807617189,272.328857421875,493.4789733886719,246.87879943847656,1413.4495849609375,1382.4962158203125,929.1673583984376,1822.01318359375,334.9857482910156,1546.5394287109375,1632.7603759765625,2451.067138671875,2036.5828857421875,1828.5880126953125,1427.5318603515625,643.39404296875,1721.789306640625,1810.7974853515625,191.7061004638672,1760.3590087890625,1750.610595703125,342.7697448730469,296.2174072265625,1858.4969482421875,1622.753173828125,1875.9564208984373,1757.1309814453125,1738.96337890625,1771.0810546875,1734.70166015625,1162.1026611328125,1607.1134033203125,926.5096435546876,1792.3447265625,1738.6307373046875,1124.7706298828123,1741.5279541015625,1584.528564453125,1684.0687255859375,1736.4381103515625,1604.243408203125,1947.197509765625,1937.4488525390625,1595.074462890625,878.1508178710938,1668.928466796875,1899.011474609375,1778.03515625,1489.925537109375,1187.0621337890625,1534.7008056640625,1565.9891357421875,1852.4208984375,1561.3505859375,1668.24267578125,1607.8671875,1076.2476806640623,1367.7130126953125,1638.1036376953125,1799.7066650390625,1742.0474853515625,1785.1087646484375,1347.376708984375,1243.2332763671875,1771.82275390625,1759.284912109375,1080.369140625,1814.637939453125,1046.1273193359377,1280.606201171875,1961.5723876953125,1995.8870849609373,1664.579345703125,1384.752197265625,542.8035278320311,1706.013671875,1645.9820556640625,1495.280517578125,1934.44384765625,1588.732666015625,2032.8734130859373,1747.01708984375,1561.1060791015625,1329.0394287109375,1908.8343505859373,1375.328369140625,1551.0789794921875,1487.0457763671875,1962.062255859375,1692.12060546875,1258.24560546875,1851.52734375,1757.99755859375,1466.4564208984375,1695.663818359375,1480.8765869140625,1824.471435546875,1614.3624267578125,1711.0264892578125,1835.29296875,1668.1787109375,1539.663330078125,1553.9683837890625,1609.3060302734375
519.627685546875,536.15966796875,269.830322265625,494.3258666992188,242.95309448242188,1409.2833251953125,1379.33642578125,913.0244140625,1831.252685546875,328.8057861328125,1543.7015380859375,1637.5374755859375,2441.614013671875,2053.409912109375,1840.36962890625,1426.1690673828125,634.35986328125,1730.8013916015625,1813.73291015625,189.3355865478516,1759.7132568359375,1747.5179443359375,342.79443359375,298.667724609375,1863.605712890625,1629.4962158203125,1877.74755859375,1758.6688232421875,1739.2232666015625,1776.528564453125,1733.4302978515625,1159.233642578125,1612.2755126953125,939.943359375,1792.9312744140625,1735.9482421875,1120.75830078125,1743.3653564453125,1589.61474609375,1685.8931884765625,1742.5419921875,1603.519775390625,1942.863525390625,1931.4537353515625,1584.734130859375,866.71533203125,1664.0537109375,1895.569091796875,1771.825439453125,1499.8851318359375,1183.84521484375,1529.9696044921875,1567.1385498046875,1857.293212890625,1556.2315673828125,1672.2152099609375,1599.707763671875,1066.197509765625,1362.1162109375,1634.5042724609375,1792.5894775390625,1733.9527587890625,1791.4306640625,1367.6781005859375,1235.9908447265625,1776.1700439453125,1754.8521728515625,1092.0980224609377,1826.05615234375,1032.973388671875,1295.4794921875,1966.4549560546875,1978.782470703125,1672.3382568359375,1383.9849853515625,543.2421875,1701.970458984375,1639.8343505859375,1493.0712890625,1936.07275390625,1589.3389892578125,2042.58740234375,1740.433349609375,1551.8402099609375,1330.3089599609375,1909.3077392578125,1378.97802734375,1540.28515625,1491.6669921875,1966.1507568359373,1684.0264892578125,1260.7841796875,1851.8310546875,1765.1181640625,1470.3494873046875,1703.5113525390625,1483.953369140625,1821.57568359375,1611.92919921875,1701.6585693359375,1838.42724609375,1677.65380859375,1530.971435546875,1563.4317626953125,1624.9527587890625
513.9923706054689,539.7302856445311,267.06149291992193,489.7409973144531,245.69422912597656,1396.652587890625,1376.671630859375,914.36376953125,1807.843505859375,336.45428466796875,1532.4671630859375,1634.3729248046875,2417.19775390625,2043.40869140625,1825.0830078125,1416.031982421875,637.0006103515625,1731.3505859375,1821.24755859375,190.80746459960938,1759.1793212890625,1751.0335693359375,346.31707763671875,300.3011779785156,1868.39990234375,1617.617431640625,1876.7386474609373,1759.757568359375,1734.1806640625,1786.2200927734375,1738.9215087890625,1160.87646484375,1605.603515625,933.5164184570312,1793.011962890625,1735.5556640625,1120.0758056640623,1734.3304443359375,1582.419677734375,1683.7730712890625,1742.97509765625,1591.474609375,1942.83837890625,1939.035400390625,1573.359619140625,880.52587890625,1669.3409423828125,1893.187744140625,1766.0985107421875,1485.046875,1188.036376953125,1533.073486328125,1563.7584228515625,1842.9898681640625,1548.469970703125,1675.3875732421875,1589.009521484375,1070.107421875,1367.7900390625,1638.8172607421875,1774.5042724609375,1732.784912109375,1790.569091796875,1342.9456787109375,1222.1524658203125,1764.500244140625,1755.9302978515625,1077.9293212890623,1823.5445556640625,1047.1624755859377,1285.6572265625,1951.7181396484373,1989.2626953125,1664.4822998046875,1381.29443359375,550.3994750976561,1685.1114501953125,1638.1636962890625,1494.4508056640625,1932.1021728515625,1593.507080078125,2034.9005126953125,1743.96875,1566.470703125,1320.780029296875,1906.6632080078125,1382.0509033203125,1532.5634765625,1500.838134765625,1977.1478271484373,1699.9266357421875,1254.4410400390625,1829.7445068359373,1763.6246337890625,1468.4766845703125,1691.2025146484375,1493.4351806640625,1815.9251708984373,1611.916748046875,1705.5894775390625,1845.1318359375,1671.2275390625,1534.8101806640625,1555.58544921875,1610.0601806640625
512.7183227539061,536.973388671875,264.65884399414057,492.92864990234375,247.9863586425781,1401.795166015625,1373.354248046875,914.108154296875,1809.3924560546875,332.1315612792969,1549.82177734375,1636.2762451171875,2449.139892578125,2040.0904541015625,1835.8082275390625,1416.8101806640625,636.4962158203125,1728.9796142578125,1812.5107421875,193.25955200195312,1753.58837890625,1755.8289794921875,344.1866455078125,293.8258056640625,1877.0189208984373,1629.718017578125,1883.3221435546875,1759.9095458984375,1739.3128662109375,1783.7698974609375,1738.8248291015625,1157.191650390625,1610.0037841796875,946.7527465820312,1800.649658203125,1728.204345703125,1119.8441162109377,1737.7481689453125,1587.470947265625,1685.80029296875,1740.8704833984375,1595.7734375,1956.03369140625,1946.0576171875,1588.0509033203125,872.8966674804688,1660.6873779296875,1904.17431640625,1772.9730224609375,1488.923828125,1197.356689453125,1531.2470703125,1570.891357421875,1841.828125,1564.5108642578125,1673.423095703125,1597.210205078125,1065.8433837890623,1368.0164794921875,1634.5767822265625,1795.3402099609375,1740.6361083984375,1783.7952880859375,1341.498291015625,1233.767578125,1764.1480712890625,1763.2938232421875,1081.3348388671877,1827.178466796875,1029.2535400390623,1281.7301025390625,1951.014404296875,1994.760498046875,1668.067626953125,1383.222900390625,535.1365966796875,1701.3367919921875,1642.923828125,1498.6446533203125,1922.484375,1589.4088134765625,2040.031494140625,1745.7349853515625,1563.808837890625,1331.6431884765625,1920.8001708984373,1369.298583984375,1535.8800048828125,1501.2750244140625,1966.5985107421875,1706.135498046875,1254.8079833984375,1838.5501708984373,1757.78759765625,1463.061279296875,1701.3095703125,1501.5875244140625,1827.4351806640625,1612.2034912109375,1723.70556640625,1839.2052001953125,1670.911376953125,1534.262939453125,1563.55126953125,1620.9862060546875
510.78216552734375,535.94091796875,264.24966430664057,486.0073547363281,248.97401428222656,1379.680419921875,1382.2333984375,895.5997314453125,1810.1279296875,337.9961242675781,1536.3331298828125,1619.712646484375,2437.600830078125,2014.70849609375,1824.8570556640625,1407.2789306640625,619.9187622070312,1736.5205078125,1805.31494140625,198.05946350097656,1744.584716796875,1748.320068359375,338.5141906738281,301.6748046875,1866.9892578125,1624.8616943359375,1868.9990234375,1761.3765869140625,1734.648681640625,1770.8782958984375,1723.912841796875,1148.5108642578125,1607.9488525390625,931.2927856445312,1799.4527587890625,1742.859619140625,1115.735595703125,1742.39697265625,1583.9608154296875,1681.1884765625,1730.847900390625,1597.1207275390625,1944.9093017578125,1946.625,1583.581787109375,869.7696533203125,1660.9000244140625,1905.926025390625,1777.710693359375,1493.689208984375,1188.0457763671875,1522.1324462890625,1566.36328125,1845.6546630859373,1543.3170166015625,1670.4056396484375,1589.864013671875,1065.0419921875,1366.5390625,1631.1673583984375,1775.865966796875,1734.4095458984375,1786.3812255859375,1341.5062255859375,1230.140869140625,1750.3355712890625,1756.927001953125,1074.8472900390623,1825.6298828125,1049.000732421875,1281.978271484375,1946.005126953125,2001.4097900390625,1665.7696533203125,1379.461669921875,533.91162109375,1690.8526611328125,1640.712890625,1487.56396484375,1927.57958984375,1585.20361328125,2032.070068359375,1731.3695068359375,1546.5257568359375,1328.59033203125,1910.7547607421875,1373.0946044921875,1547.9906005859375,1486.218994140625,1962.1688232421875,1697.4068603515625,1243.8040771484375,1831.2166748046875,1747.7181396484375,1456.82177734375,1694.457763671875,1485.0499267578125,1821.5321044921875,1600.8037109375,1689.9775390625,1828.6090087890625,1673.258544921875,1523.8634033203125,1555.9281005859375,1612.1632080078125
506.7286682128906,536.7600708007811,274.30770874023443,489.8345947265625,253.8730316162109,1385.8201904296875,1369.1429443359375,919.56005859375,1815.4095458984373,334.59912109375,1547.5660400390625,1647.6104736328125,2451.091552734375,2026.5880126953125,1825.47705078125,1435.8489990234375,636.6863403320312,1722.763427734375,1814.3433837890625,191.4040069580078,1740.5316162109375,1759.3887939453125,347.6448669433594,301.7643127441406,1884.6805419921875,1632.3402099609375,1884.2467041015625,1752.5020751953125,1734.9383544921875,1767.1192626953125,1727.4586181640625,1148.8916015625,1619.33154296875,942.3062133789062,1802.1068115234373,1739.5709228515625,1111.6234130859377,1736.746337890625,1583.4208984375,1683.1622314453125,1736.3773193359375,1597.3052978515625,1949.0087890625,1940.3101806640625,1588.9696044921875,872.9220581054688,1672.4937744140625,1891.268310546875,1776.667724609375,1489.9208984375,1194.534423828125,1530.813232421875,1569.3404541015625,1844.9222412109373,1553.2562255859375,1675.1910400390625,1602.520751953125,1068.2315673828123,1367.8463134765625,1638.4676513671875,1793.0882568359375,1736.00146484375,1788.90380859375,1346.9615478515625,1228.8636474609375,1767.2734375,1752.366943359375,1077.890869140625,1833.792724609375,1051.2127685546877,1276.9642333984375,1942.4957275390625,1997.7012939453125,1667.5941162109375,1379.860595703125,531.6578369140625,1689.9332275390625,1640.8046875,1499.9327392578125,1932.3388671875,1584.51416015625,2036.5423583984373,1737.9287109375,1552.08349609375,1318.6832275390625,1904.4437255859373,1366.9150390625,1535.6556396484375,1486.6796875,1970.547119140625,1698.813720703125,1256.8687744140625,1844.422119140625,1764.5931396484375,1464.0218505859375,1700.8525390625,1473.4039306640625,1821.7259521484373,1615.435546875,1696.2841796875,1839.0992431640625,1660.268310546875,1538.8583984375,1557.10107421875,1614.008056640625
511.6853942871094,528.5913696289061,267.59347534179693,489.4798583984375,244.26657104492188,1398.049072265625,1367.2894287109375,914.3316040039062,1819.39697265625,345.4490966796875,1539.0244140625,1640.3111572265625,2455.2646484375,2032.5372314453125,1825.79833984375,1441.2652587890625,626.3389282226562,1723.450439453125,1819.608154296875,190.9621734619141,1754.3377685546875,1759.8133544921875,331.0452880859375,307.843994140625,1880.5205078125,1623.59375,1886.3836669921875,1756.7535400390625,1738.201904296875,1777.875,1737.651123046875,1143.504638671875,1619.402587890625,947.5677490234376,1796.06005859375,1738.0703125,1113.104248046875,1736.3798828125,1592.6015625,1680.9542236328125,1748.2191162109375,1595.5068359375,1940.5985107421875,1944.3935546875,1587.3367919921875,885.0496215820312,1671.9892578125,1901.6905517578125,1781.959716796875,1496.673583984375,1191.5888671875,1536.0499267578125,1569.6922607421875,1849.031005859375,1542.9332275390625,1659.41552734375,1605.2054443359375,1057.1458740234377,1367.53857421875,1625.855224609375,1781.9434814453125,1750.98291015625,1781.2484130859375,1342.0447998046875,1236.9744873046875,1761.500244140625,1759.6875,1075.601806640625,1820.2611083984373,1030.37744140625,1276.82177734375,1945.67333984375,1997.977783203125,1666.5242919921875,1385.1622314453125,552.0167846679689,1679.6585693359375,1640.5855712890625,1504.9974365234375,1939.9462890625,1592.1488037109375,2031.640380859375,1737.6253662109375,1571.203369140625,1325.9996337890625,1923.3143310546875,1379.261474609375,1549.2879638671875,1501.5953369140625,1973.988525390625,1692.970947265625,1251.0966796875,1836.9808349609373,1757.01953125,1461.38916015625,1706.977783203125,1507.8607177734375,1820.5855712890625,1601.5579833984375,1709.7349853515625,1841.9925537109373,1667.213623046875,1547.8299560546875,1570.4830322265625,1617.55322265625
506.0494995117188,537.777587890625,266.84698486328125,501.3041687011719,251.38833618164062,1399.731689453125,1374.2841796875,924.9154052734376,1806.190185546875,335.96478271484375,1551.788330078125,1634.2298583984375,2447.4462890625,2043.1893310546875,1815.86962890625,1431.0933837890625,636.2953491210938,1727.429931640625,1817.3092041015625,192.2808837890625,1757.51318359375,1760.582275390625,344.2132873535156,302.4244689941406,1869.9876708984373,1623.9329833984375,1876.47900390625,1756.0601806640625,1737.2562255859375,1785.972900390625,1734.890625,1148.8480224609375,1611.4759521484375,934.067138671875,1790.19921875,1725.59228515625,1120.1396484375,1734.805908203125,1592.404296875,1682.155029296875,1745.0162353515625,1593.9285888671875,1944.8680419921875,1948.972900390625,1581.249267578125,873.0811157226562,1663.2335205078125,1904.7838134765625,1770.8936767578125,1491.4493408203125,1192.3111572265625,1524.1578369140625,1563.0740966796875,1861.0865478515625,1556.6285400390625,1677.4752197265625,1599.488525390625,1071.5482177734377,1371.486083984375,1633.4390869140625,1781.4564208984375,1747.7581787109375,1794.6591796875,1346.6331787109375,1226.585205078125,1771.7662353515625,1753.7899169921875,1074.7694091796877,1824.9453125,1049.4588623046877,1281.84423828125,1959.1619873046875,2012.4493408203125,1663.978271484375,1386.818603515625,547.2431640625,1688.6558837890625,1640.315673828125,1488.025146484375,1940.664306640625,1583.6573486328125,2043.0592041015625,1747.4346923828125,1572.7750244140625,1333.7437744140625,1913.0802001953125,1367.39697265625,1548.530517578125,1504.0538330078125,1969.84912109375,1695.5211181640625,1252.5859375,1843.798095703125,1758.944580078125,1465.87353515625,1715.4661865234375,1484.601318359375,1821.5452880859373,1608.40087890625,1710.5240478515625,1838.1737060546875,1675.64306640625,1532.1026611328125,1552.2703857421875,1614.52001953125
520.5164184570311,541.2330322265625,270.5013427734375,504.3761291503906,243.3963623046875,1414.6304931640625,1379.855224609375,923.680419921875,1815.4483642578125,342.021728515625,1555.8994140625,1635.96044921875,2462.508056640625,2064.511474609375,1816.7701416015625,1431.9288330078125,635.8331909179688,1727.859619140625,1827.9305419921875,191.26617431640625,1761.19140625,1745.9404296875,338.9308776855469,298.8446044921875,1854.7493896484373,1615.6312255859375,1871.2908935546875,1765.9287109375,1729.9935302734375,1776.8941650390625,1732.96630859375,1158.152099609375,1603.613037109375,947.5584106445312,1784.330810546875,1737.343505859375,1120.126708984375,1728.5330810546875,1581.791015625,1682.1396484375,1731.8704833984375,1594.2183837890625,1945.6258544921875,1934.7457275390625,1581.2685546875,878.8361206054688,1662.8807373046875,1900.498779296875,1782.3974609375,1492.647216796875,1191.1878662109375,1533.966064453125,1565.3331298828125,1856.3746337890625,1561.2520751953125,1672.8560791015625,1592.0654296875,1062.5513916015623,1365.366455078125,1636.3896484375,1782.7313232421875,1741.2388916015625,1788.842529296875,1349.1717529296875,1236.6016845703125,1778.6417236328125,1761.777587890625,1085.2691650390623,1823.61328125,1048.1767578125,1283.9052734375,1952.9547119140625,2002.8232421875,1670.115966796875,1391.292236328125,540.2893676757811,1697.27392578125,1640.4423828125,1497.090087890625,1939.333251953125,1593.3739013671875,2024.3157958984373,1741.4169921875,1559.492431640625,1326.9840087890625,1908.0877685546875,1375.6778564453125,1538.2406005859375,1505.7894287109375,1963.882568359375,1693.7119140625,1257.5267333984375,1833.96875,1750.5096435546875,1461.1507568359375,1708.312744140625,1476.391845703125,1827.097900390625,1612.2171630859375,1711.31494140625,1832.734375,1661.7774658203125,1539.001708984375,1558.7452392578125,1621.1722412109375
514.665283203125,543.69677734375,276.6331787109375,500.29205322265625,243.19227600097656,1398.3226318359375,1370.134033203125,909.6852416992188,1799.5345458984375,338.705322265625,1550.7105712890625,1635.87841796875,2434.54833984375,2047.5966796875,1826.288818359375,1416.4908447265625,640.6932373046875,1724.847900390625,1826.871337890625,192.69036865234372,1770.2457275390625,1755.778564453125,344.1006774902344,300.2803649902344,1859.6934814453125,1621.1043701171875,1878.0504150390625,1749.69677734375,1747.5406494140625,1784.4837646484375,1731.9241943359375,1158.3634033203125,1615.2186279296875,934.3947143554688,1775.0306396484375,1731.95556640625,1121.267822265625,1725.8431396484375,1585.93212890625,1677.431396484375,1737.1932373046875,1596.5194091796875,1935.037841796875,1932.3472900390625,1574.0321044921875,886.125,1664.5999755859375,1888.7647705078125,1764.1141357421875,1488.952880859375,1190.255126953125,1520.5537109375,1559.8480224609375,1844.645751953125,1545.7587890625,1665.98974609375,1594.826416015625,1065.5023193359377,1369.01513671875,1631.9215087890625,1790.5047607421875,1727.2672119140625,1784.7623291015625,1351.359130859375,1238.6968994140625,1759.8155517578125,1756.6595458984375,1072.0732421875,1826.0804443359373,1026.845947265625,1290.2464599609375,1965.65234375,2009.7010498046875,1667.4981689453125,1392.0941162109375,547.9849853515625,1694.0103759765625,1643.9013671875,1492.5137939453125,1938.3564453125,1584.94384765625,2035.850341796875,1740.9576416015625,1546.25146484375,1317.943603515625,1906.6072998046875,1373.30029296875,1542.8499755859375,1493.6773681640625,1954.739501953125,1692.1597900390625,1250.201171875,1833.7508544921875,1767.170654296875,1459.804443359375,1697.8682861328125,1473.166748046875,1819.4248046875,1604.7481689453125,1695.3995361328125,1828.43212890625,1669.93115234375,1524.7593994140625,1559.9134521484375,1600.9046630859375
517.2012329101561,537.93896484375,278.54922485351557,502.9236755371094,243.11651611328125,1409.74853515625,1390.8870849609375,918.7737426757812,1804.7779541015625,337.463623046875,1557.8441162109375,1640.73779296875,2439.4541015625,2048.54443359375,1827.8984375,1416.220703125,631.9315795898438,1727.5384521484375,1823.2442626953125,194.59844970703125,1758.0152587890625,1754.6151123046875,347.2676086425781,297.9707336425781,1856.680908203125,1621.2769775390625,1877.7244873046875,1755.544189453125,1738.8131103515625,1787.2611083984375,1731.8690185546875,1160.6644287109375,1607.991455078125,948.8798217773438,1788.2352294921875,1728.027587890625,1125.5516357421877,1738.6839599609375,1583.3052978515625,1685.7440185546875,1741.864501953125,1595.0694580078125,1939.4522705078125,1937.2913818359373,1582.453125,890.884033203125,1661.4981689453125,1893.4761962890625,1769.803466796875,1495.71875,1189.852294921875,1529.541015625,1559.425537109375,1855.9171142578125,1556.5960693359375,1674.3441162109375,1598.3116455078125,1065.3970947265623,1369.8544921875,1620.36767578125,1784.50732421875,1736.728515625,1783.2586669921875,1343.292724609375,1237.351318359375,1769.70703125,1753.4326171875,1074.5623779296877,1816.0810546875,1034.4466552734377,1286.1455078125,1961.7664794921875,2007.9892578125,1651.44921875,1385.1590576171875,551.8204345703125,1699.1148681640625,1637.9273681640625,1501.6533203125,1928.539306640625,1591.18896484375,2042.5826416015625,1739.195068359375,1582.2880859375,1324.9163818359375,1911.29052734375,1358.70068359375,1538.2081298828125,1506.377685546875,1966.3203125,1699.508056640625,1255.4884033203125,1853.93798828125,1735.8681640625,1457.719482421875,1706.039794921875,1501.4705810546875,1819.0255126953125,1601.423828125,1707.6153564453125,1840.5277099609373,1660.6734619140625,1532.3997802734375,1551.779052734375,1625.3150634765625
512.7823486328125,544.0827026367189,269.2755126953125,493.3260803222656,242.6145172119141,1386.4111328125,1378.652099609375,906.927734375,1807.008056640625,329.6777038574219,1542.8238525390625,1624.0992431640625,2431.41748046875,2018.74365234375,1812.9072265625,1402.485595703125,626.70849609375,1720.9703369140625,1806.6663818359373,190.03921508789062,1755.5869140625,1746.4388427734375,344.451171875,294.998291015625,1858.9013671875,1621.841552734375,1850.2601318359373,1751.7481689453125,1734.4395751953125,1775.2406005859375,1728.0855712890625,1146.2762451171875,1610.7779541015625,924.147705078125,1788.96875,1749.8172607421875,1117.591552734375,1744.0147705078125,1586.7569580078125,1680.408935546875,1734.9189453125,1592.4560546875,1943.6448974609373,1932.9053955078125,1586.5172119140625,890.6622314453125,1663.8226318359375,1900.460693359375,1777.6949462890625,1490.8251953125,1182.7236328125,1522.3533935546875,1571.417236328125,1853.2427978515625,1549.9434814453125,1668.6070556640625,1601.50439453125,1068.7808837890623,1375.2548828125,1634.1712646484375,1771.0113525390625,1738.72509765625,1784.3250732421875,1344.043212890625,1224.811767578125,1760.0970458984375,1752.204345703125,1070.3331298828123,1818.2481689453125,1053.707275390625,1275.6375732421875,1954.2847900390625,2006.3228759765625,1665.807861328125,1375.723876953125,545.3338012695311,1696.92431640625,1648.6376953125,1485.030517578125,1921.554443359375,1592.5924072265625,2033.123779296875,1733.3494873046875,1569.1461181640625,1333.51904296875,1909.4287109375,1362.10888671875,1533.71240234375,1504.462890625,1973.406494140625,1688.9677734375,1239.78173828125,1856.5904541015625,1727.65771484375,1456.2567138671875,1695.1597900390625,1479.3204345703125,1818.7403564453125,1611.1368408203125,1694.784912109375,1826.566650390625,1661.343994140625,1528.050048828125,1551.48779296875,1604.1617431640625
516.3635864257811,540.7776489257811,264.7064208984375,496.16510009765625,245.53099060058597,1390.724853515625,1373.9564208984375,910.0763549804688,1804.5213623046875,334.0889587402344,1553.2457275390625,1633.4581298828125,2443.727294921875,2025.5093994140625,1813.821533203125,1424.71728515625,621.8309936523438,1734.1827392578125,1814.738037109375,192.9652099609375,1754.6474609375,1748.843505859375,354.2126770019531,299.4444885253906,1865.8538818359373,1625.5836181640625,1862.2025146484373,1761.9794921875,1738.1944580078125,1775.218994140625,1724.004150390625,1148.8944091796875,1612.79296875,939.1937866210938,1801.0802001953125,1733.3876953125,1130.9503173828125,1740.3828125,1585.3975830078125,1681.1500244140625,1736.8770751953125,1601.6922607421875,1945.8914794921875,1930.4107666015625,1572.8499755859375,886.1534423828125,1668.128662109375,1896.9820556640625,1780.2548828125,1491.619140625,1191.75537109375,1525.8272705078125,1568.7396240234375,1862.3511962890625,1558.1019287109375,1671.088623046875,1603.7353515625,1070.0875244140623,1369.404296875,1629.2724609375,1778.7386474609375,1732.2821044921875,1795.0283203125,1339.7801513671875,1238.7119140625,1769.9803466796875,1744.6619873046875,1086.0782470703123,1830.2220458984373,1052.121826171875,1281.6947021484375,1943.413818359375,2010.64306640625,1664.1546630859375,1400.0008544921875,539.93994140625,1697.615966796875,1636.6741943359375,1504.0517578125,1935.3297119140625,1581.452392578125,2035.1868896484373,1739.7337646484375,1561.5728759765625,1326.2528076171875,1914.621337890625,1359.0693359375,1531.664306640625,1497.05029296875,1963.5511474609373,1694.1754150390625,1249.8740234375,1857.9835205078125,1743.0927734375,1460.517578125,1705.517333984375,1470.6051025390625,1830.881591796875,1613.5859375,1702.5045166015625,1839.5498046875,1658.8255615234375,1528.977783203125,1565.669677734375,1621.93359375
506.1090698242188,531.006103515625,274.25732421875,492.403564453125,240.70748901367188,1382.112060546875,1372.9190673828125,894.0972290039062,1799.3287353515625,334.3575134277344,1536.1387939453125,1622.2781982421875,2440.578857421875,2016.3525390625,1814.3857421875,1413.6026611328125,619.4171752929688,1722.552734375,1812.2164306640625,190.7544250488281,1753.0516357421875,1740.92822265625,340.88922119140625,297.4523010253906,1853.161376953125,1628.535400390625,1853.75390625,1749.9613037109375,1732.8016357421875,1778.1103515625,1720.800537109375,1150.980224609375,1611.63623046875,936.38427734375,1784.1387939453125,1731.0941162109375,1117.252685546875,1735.7861328125,1587.30224609375,1691.1500244140625,1733.7205810546875,1583.8878173828125,1942.6490478515625,1935.337158203125,1565.8809814453125,878.6239013671875,1672.932861328125,1902.5006103515625,1774.414306640625,1494.31982421875,1184.4366455078125,1527.1768798828125,1571.9840087890625,1869.4967041015625,1563.1103515625,1670.9796142578125,1592.2498779296875,1064.5062255859377,1370.507568359375,1622.5499267578125,1780.1258544921875,1742.0968017578125,1796.8043212890625,1332.4921875,1232.287841796875,1775.500244140625,1758.61328125,1080.213623046875,1826.5904541015625,1039.2003173828123,1274.3297119140625,1943.6466064453125,2012.958251953125,1665.10791015625,1388.09375,541.6244506835939,1694.0003662109375,1635.8709716796875,1502.9752197265625,1925.28515625,1580.3985595703125,2036.031005859375,1735.3773193359375,1561.7593994140625,1326.3974609375,1917.8182373046875,1366.8038330078125,1530.4722900390625,1496.216552734375,1967.1961669921875,1697.776123046875,1254.3388671875,1840.8641357421875,1747.58349609375,1463.9737548828125,1700.2945556640625,1488.66162109375,1824.8837890625,1607.0567626953125,1697.03173828125,1841.34375,1644.67919921875,1526.6427001953125,1559.87353515625,1613.520263671875
509.430908203125,529.0029907226561,272.19277954101557,488.1781311035156,240.63987731933597,1384.7008056640625,1376.6448974609375,901.0396728515624,1804.4981689453125,337.6236267089844,1547.287841796875,1623.72216796875,2454.224609375,2030.915771484375,1816.2220458984373,1403.4620361328125,613.593505859375,1722.577392578125,1815.6500244140625,184.2633056640625,1752.0140380859375,1740.508056640625,337.6607666015625,293.8124084472656,1841.61083984375,1625.2716064453125,1846.649658203125,1744.7340087890625,1735.4693603515625,1783.0400390625,1728.819091796875,1156.65234375,1606.4454345703125,914.11865234375,1779.1544189453125,1744.7425537109375,1130.6927490234375,1733.287109375,1577.9521484375,1680.1402587890625,1736.19384765625,1586.660888671875,1942.302001953125,1935.25244140625,1570.873046875,879.5910034179688,1679.69091796875,1916.2125244140625,1779.31640625,1496.040771484375,1185.0738525390625,1518.5843505859375,1571.9945068359375,1866.55712890625,1570.703125,1674.3857421875,1591.8448486328125,1066.3148193359377,1364.1981201171875,1630.4544677734375,1785.4580078125,1738.922119140625,1792.7274169921875,1322.108154296875,1238.262451171875,1775.2991943359375,1747.068603515625,1064.6558837890623,1814.41650390625,1042.3262939453123,1261.7261962890625,1961.9720458984373,2010.9521484375,1664.213623046875,1392.8675537109375,540.593994140625,1702.2427978515625,1645.047607421875,1497.9879150390625,1914.3873291015625,1586.9541015625,2041.5360107421875,1734.3941650390625,1576.263671875,1329.63525390625,1913.18603515625,1349.805908203125,1540.43701171875,1511.0894775390625,1977.5020751953125,1694.0498046875,1252.4066162109375,1847.446533203125,1737.081787109375,1469.118408203125,1708.7098388671875,1496.2650146484375,1822.35302734375,1609.3466796875,1690.0816650390625,1834.0372314453125,1646.0279541015625,1526.92138671875,1548.6201171875,1616.682373046875
525.5215454101561,536.4412231445311,267.39523315429693,497.7655334472656,241.4423065185547,1405.9019775390625,1390.28271484375,909.0455322265624,1815.29443359375,335.78271484375,1551.272216796875,1617.5601806640625,2471.914794921875,2042.8927001953125,1805.2281494140625,1414.813720703125,630.8419799804688,1724.7265625,1810.8382568359373,192.7688446044922,1757.0087890625,1741.668212890625,343.8426818847656,295.0909118652344,1842.26025390625,1622.0191650390625,1848.4378662109373,1746.0213623046875,1737.1650390625,1778.60009765625,1731.9765625,1150.51806640625,1606.324951171875,922.017822265625,1783.1988525390625,1730.06201171875,1121.4429931640623,1730.85302734375,1585.347900390625,1681.607666015625,1747.14697265625,1591.9310302734375,1943.49267578125,1937.886962890625,1582.0699462890625,879.4766845703125,1664.540283203125,1909.918212890625,1784.057373046875,1490.119384765625,1186.9351806640625,1529.4801025390625,1570.7413330078125,1876.2093505859373,1570.1964111328125,1674.9263916015625,1605.157470703125,1073.9163818359377,1365.901123046875,1641.9547119140625,1794.186279296875,1744.588623046875,1789.93115234375,1336.1942138671875,1235.0035400390625,1779.315185546875,1764.285400390625,1075.4652099609377,1820.4873046875,1063.6160888671877,1273.068603515625,1971.968505859375,2017.6229248046875,1669.67431640625,1389.9959716796875,540.1052856445311,1715.3106689453125,1647.7474365234375,1502.7120361328125,1917.4559326171875,1584.533447265625,2029.488037109375,1735.437255859375,1566.3013916015625,1333.360107421875,1916.3746337890625,1358.6298828125,1542.13330078125,1502.8671875,1972.2978515625,1695.753173828125,1259.2313232421875,1852.4534912109373,1746.0172119140625,1466.185546875,1707.042236328125,1499.467041015625,1824.6787109375,1609.5826416015625,1701.2906494140625,1833.662841796875,1659.5721435546875,1522.2548828125,1554.1763916015625,1621.37451171875
517.8179931640625,537.929443359375,268.8377685546875,494.9595642089844,248.2619781494141,1414.0775146484375,1390.1494140625,913.4175415039062,1821.823974609375,336.4981689453125,1556.14599609375,1636.7705078125,2447.342529296875,2042.2366943359373,1811.92236328125,1407.4156494140625,633.4583129882812,1719.70556640625,1819.694091796875,194.57228088378903,1760.6273193359375,1743.9678955078125,355.5086364746094,305.1308288574219,1851.485595703125,1625.506591796875,1877.2685546875,1757.4359130859375,1746.2034912109375,1783.45556640625,1733.0992431640625,1166.9444580078125,1610.4923095703125,936.6266479492188,1790.011474609375,1734.4276123046875,1133.007568359375,1741.2193603515625,1581.2794189453125,1681.7996826171875,1746.47119140625,1599.4339599609375,1945.4261474609373,1948.1268310546875,1574.3878173828125,887.3385009765625,1665.953369140625,1916.1500244140625,1779.487548828125,1496.278564453125,1192.8004150390625,1530.8759765625,1559.248779296875,1866.931396484375,1555.80712890625,1676.0074462890625,1599.3587646484375,1077.4222412109377,1376.15869140625,1637.7774658203125,1795.516845703125,1730.652587890625,1789.269775390625,1340.891845703125,1237.271484375,1769.7401123046875,1749.9945068359375,1071.1285400390623,1816.8873291015625,1050.2054443359377,1280.7838134765625,1960.9862060546875,2019.8341064453125,1670.18115234375,1389.4393310546875,545.6939086914061,1708.7613525390625,1638.7645263671875,1504.6298828125,1932.4117431640625,1588.944091796875,2037.5074462890625,1739.2039794921875,1574.9671630859375,1331.404052734375,1915.5892333984373,1362.4736328125,1534.74658203125,1499.8382568359375,1969.3013916015625,1701.4378662109375,1261.93310546875,1845.6358642578125,1754.0640869140625,1456.5301513671875,1712.7366943359375,1496.5181884765625,1820.2451171875,1615.8829345703125,1708.642578125,1840.27734375,1677.2032470703125,1532.2344970703125,1559.0640869140625,1620.8634033203125
515.9513549804689,528.10107421875,267.1553955078125,502.0138854980469,247.7279052734375,1405.2039794921875,1387.7613525390625,919.680908203125,1827.552001953125,339.5111389160156,1554.27880859375,1632.1597900390625,2441.355224609375,2034.6190185546875,1810.5538330078125,1416.37109375,642.3096313476562,1727.9666748046875,1815.652099609375,194.42025756835938,1760.1793212890625,1744.1597900390625,351.69378662109375,294.00518798828125,1853.17138671875,1629.6514892578125,1866.235595703125,1749.1751708984375,1747.5450439453125,1785.0360107421875,1729.934814453125,1156.258056640625,1611.9085693359375,927.509033203125,1787.1578369140625,1732.03564453125,1129.22314453125,1736.9979248046875,1581.18896484375,1680.05859375,1738.2196044921875,1592.3472900390625,1943.1790771484373,1933.4248046875,1578.4945068359375,888.401123046875,1668.6348876953125,1899.552001953125,1776.3975830078125,1496.23046875,1190.56103515625,1531.421142578125,1560.7265625,1865.0673828125,1564.1650390625,1667.8280029296875,1604.8818359375,1064.268798828125,1375.615966796875,1631.4859619140625,1796.5511474609375,1732.372314453125,1786.7701416015625,1332.4759521484375,1237.934326171875,1771.0330810546875,1749.67578125,1078.5684814453123,1815.140625,1044.04052734375,1276.91259765625,1963.5645751953125,2011.196533203125,1667.4229736328125,1382.457275390625,549.8427734375,1702.07568359375,1645.2596435546875,1498.492431640625,1928.375244140625,1588.75146484375,2030.0582275390625,1747.4468994140625,1559.185302734375,1322.6951904296875,1900.3458251953125,1359.4063720703125,1531.1922607421875,1501.2769775390625,1959.502685546875,1693.3834228515625,1246.5107421875,1848.4473876953125,1756.8453369140625,1467.1602783203125,1715.301025390625,1495.955078125,1812.6778564453125,1618.9869384765625,1708.6527099609375,1829.6463623046875,1660.707275390625,1527.8837890625,1552.8935546875,1612.682861328125
518.318359375,534.0819702148439,265.9974365234375,490.487060546875,237.46630859375,1402.140380859375,1382.3072509765625,918.2674560546876,1813.173095703125,329.05084228515625,1551.4429931640625,1622.447509765625,2442.101806640625,2036.38427734375,1821.2340087890625,1411.03125,634.376708984375,1731.6280517578125,1818.06103515625,190.7895965576172,1761.1156005859375,1745.3408203125,349.57720947265625,304.6990661621094,1852.526123046875,1620.9364013671875,1864.519775390625,1747.99755859375,1744.8770751953125,1788.4599609375,1730.221435546875,1153.3394775390625,1606.220458984375,937.221923828125,1795.82177734375,1738.4256591796875,1126.4005126953125,1734.7340087890625,1583.2353515625,1685.9654541015625,1741.7470703125,1595.365966796875,1940.003662109375,1942.2103271484373,1582.8414306640625,890.0924072265625,1667.9136962890625,1913.7216796875,1783.3062744140625,1493.396728515625,1199.8165283203125,1530.45361328125,1568.72216796875,1864.27978515625,1556.6434326171875,1680.4322509765625,1592.9658203125,1067.04833984375,1365.5128173828125,1637.47216796875,1792.7623291015625,1745.6424560546875,1794.43505859375,1337.166259765625,1237.7294921875,1769.4315185546875,1759.679931640625,1078.67724609375,1817.10302734375,1053.0673828125,1274.941162109375,1962.7052001953125,2012.8197021484373,1664.0089111328125,1389.8101806640625,547.6244506835939,1703.8125,1640.7294921875,1507.3214111328125,1926.9366455078125,1581.3392333984375,2039.1075439453125,1742.6865234375,1563.921142578125,1338.3935546875,1910.4237060546875,1350.5706787109375,1538.04296875,1500.7457275390625,1963.6983642578125,1692.9075927734375,1257.09033203125,1860.3302001953125,1748.5791015625,1456.442138671875,1710.8616943359375,1494.1552734375,1821.44677734375,1614.1488037109375,1716.9107666015625,1836.4468994140625,1661.072021484375,1526.2606201171875,1551.5941162109375,1618.40478515625
519.793212890625,536.24169921875,273.19692993164057,492.6867370605469,249.2982177734375,1409.75390625,1386.23046875,911.72314453125,1817.32421875,334.6735534667969,1550.6064453125,1638.5528564453125,2463.031982421875,2048.41796875,1819.890869140625,1417.2161865234375,638.2117309570312,1723.322021484375,1810.363525390625,193.3131866455078,1758.906494140625,1747.4708251953125,349.6025695800781,297.85308837890625,1867.6661376953125,1620.089599609375,1870.9078369140625,1748.67041015625,1745.4158935546875,1778.6195068359375,1733.07958984375,1153.09326171875,1612.6865234375,936.0695190429688,1789.515380859375,1737.5787353515625,1114.7376708984377,1733.38818359375,1583.3726806640625,1677.2626953125,1750.679931640625,1594.3662109375,1939.350341796875,1932.6572265625,1579.2921142578125,879.6885375976562,1667.9642333984375,1920.9625244140625,1787.6676025390625,1490.8707275390625,1193.5400390625,1528.2161865234375,1573.5343017578125,1867.6697998046875,1569.6905517578125,1678.955810546875,1597.1734619140625,1067.2535400390623,1366.0377197265625,1631.3797607421875,1798.7479248046875,1737.4808349609375,1796.6409912109375,1354.341796875,1233.8970947265625,1768.548095703125,1755.990966796875,1069.4962158203123,1822.919189453125,1048.20947265625,1271.2808837890625,1961.2962646484373,2008.9967041015625,1666.8111572265625,1385.2301025390625,540.4124145507811,1698.9359130859375,1645.5738525390625,1503.9539794921875,1929.95849609375,1581.658447265625,2037.9239501953125,1742.3228759765625,1552.45751953125,1326.610107421875,1919.0157470703125,1358.42041015625,1527.0965576171875,1505.308837890625,1959.815185546875,1695.7130126953125,1249.5263671875,1851.206787109375,1754.782470703125,1469.792724609375,1706.337158203125,1486.640380859375,1820.3704833984373,1617.898681640625,1692.5931396484375,1836.3560791015625,1660.115966796875,1536.6649169921875,1560.157470703125,1605.7799072265625
524.7478637695311,539.6468505859375,271.71145629882807,498.9871826171875,245.1843414306641,1400.9237060546875,1396.7120361328125,926.6865844726562,1810.7476806640625,342.23394775390625,1548.5216064453125,1638.9869384765625,2486.129638671875,2026.0615234375,1800.5631103515625,1416.79296875,645.1597290039062,1724.7437744140625,1818.3443603515625,192.74481201171875,1763.276611328125,1751.158935546875,349.4388732910156,299.8310852050781,1873.553466796875,1621.129638671875,1899.82958984375,1751.4559326171875,1758.09521484375,1788.95068359375,1732.778564453125,1151.4853515625,1620.3843994140625,937.6973876953124,1804.94140625,1721.0660400390625,1106.2772216796877,1728.4676513671875,1582.247802734375,1678.4638671875,1750.5751953125,1588.189697265625,1938.9212646484373,1940.3052978515625,1589.1993408203125,877.8914184570312,1666.698974609375,1907.6136474609373,1777.2542724609375,1495.604736328125,1193.0008544921875,1544.4085693359375,1558.4605712890625,1854.1767578125,1557.094970703125,1670.7576904296875,1598.496337890625,1062.2515869140623,1372.1051025390625,1629.2093505859375,1803.95166015625,1741.6307373046875,1790.80859375,1338.7923583984375,1228.9716796875,1766.3521728515625,1759.4891357421875,1068.3856201171877,1816.2646484375,1049.961181640625,1275.6920166015625,1974.5205078125,2016.9866943359373,1666.625732421875,1385.6715087890625,547.4490356445311,1709.4285888671875,1642.66015625,1488.9403076171875,1946.6207275390625,1584.53564453125,2041.5726318359373,1752.19677734375,1562.6175537109375,1336.6102294921875,1909.52197265625,1358.065673828125,1525.25732421875,1496.0413818359375,1957.2283935546875,1695.687255859375,1247.085205078125,1853.2164306640625,1755.4188232421875,1466.094970703125,1713.9149169921875,1493.0562744140625,1825.4017333984373,1610.293212890625,1702.4454345703125,1839.0745849609373,1659.4842529296875,1537.972412109375,1558.0875244140625,1624.7176513671875
513.68798828125,534.36962890625,266.71200561523443,494.0600280761719,247.9182281494141,1391.206298828125,1378.3330078125,901.2796020507812,1815.0369873046875,330.3268737792969,1540.75146484375,1629.7686767578125,2469.215087890625,2031.5789794921875,1805.865966796875,1415.7489013671875,628.6885986328125,1719.400634765625,1816.774658203125,195.2776031494141,1752.7373046875,1752.65234375,347.77520751953125,297.7861022949219,1867.1517333984373,1622.6973876953125,1890.6712646484373,1754.4468994140625,1739.0035400390625,1782.1578369140625,1732.3065185546875,1145.339599609375,1613.8121337890625,938.7334594726562,1799.66796875,1735.5458984375,1115.7353515625,1729.726806640625,1579.3714599609375,1678.965576171875,1735.6624755859375,1594.2559814453125,1948.5289306640625,1947.52978515625,1590.2509765625,877.5861206054688,1668.3121337890625,1908.3804931640625,1782.8104248046875,1498.5167236328125,1188.25146484375,1541.2655029296875,1566.7095947265625,1843.8807373046875,1555.41845703125,1684.566650390625,1597.2860107421875,1056.019775390625,1367.4000244140625,1632.7679443359375,1789.3079833984375,1740.8980712890625,1798.739013671875,1332.5556640625,1231.2060546875,1776.5804443359375,1765.706298828125,1082.2001953125,1826.3497314453125,1032.8350830078123,1287.00634765625,1961.43994140625,2010.7886962890625,1667.420166015625,1395.8218994140625,536.9291381835939,1706.3837890625,1635.5341796875,1501.2572021484375,1938.6767578125,1583.202392578125,2034.9561767578125,1749.8170166015625,1561.0777587890625,1333.8785400390625,1906.9375,1376.2509765625,1523.9569091796875,1503.4866943359375,1964.96484375,1685.19873046875,1254.460693359375,1851.237060546875,1750.5081787109375,1459.835205078125,1706.7108154296875,1492.9466552734375,1829.4788818359373,1611.615966796875,1698.3011474609375,1841.16162109375,1662.7314453125,1538.6610107421875,1571.783203125,1618.4058837890625
517.251708984375,535.4014282226561,279.61721801757807,484.5848693847656,250.80535888671875,1394.7886962890625,1378.5654296875,895.3906860351562,1821.029052734375,339.9940490722656,1541.2314453125,1632.0589599609375,2484.182373046875,2034.0347900390625,1817.812744140625,1407.84375,629.9750366210938,1721.010986328125,1821.3453369140625,187.79998779296875,1753.084716796875,1753.145751953125,332.4569396972656,296.58599853515625,1868.760498046875,1625.536376953125,1877.3199462890625,1775.6920166015625,1728.199462890625,1774.808837890625,1725.387939453125,1156.87890625,1607.4671630859375,945.97265625,1803.212158203125,1738.7899169921875,1121.411865234375,1752.8873291015625,1580.3538818359375,1685.31591796875,1738.410400390625,1601.4078369140625,1958.52880859375,1945.437744140625,1596.8336181640625,876.0701293945312,1666.114990234375,1927.0784912109373,1797.2779541015625,1501.787353515625,1187.9029541015625,1542.103759765625,1567.07080078125,1852.1087646484373,1575.3438720703125,1677.8038330078125,1608.534423828125,1075.0419921875,1374.3328857421875,1627.256103515625,1790.5008544921875,1748.5609130859375,1807.1766357421875,1351.2384033203125,1233.494384765625,1784.3765869140625,1761.3758544921875,1096.7919921875,1826.84228515625,1053.3936767578123,1288.7147216796875,1958.2623291015625,2000.3624267578125,1662.9903564453125,1386.9443359375,543.2132568359375,1717.1378173828125,1629.3406982421875,1497.8702392578125,1948.4888916015625,1580.49755859375,2035.676025390625,1744.1217041015625,1569.287353515625,1330.415283203125,1923.33740234375,1383.7371826171875,1547.1966552734375,1513.8968505859375,1971.090087890625,1701.546875,1255.18359375,1852.2738037109373,1754.2203369140625,1475.8533935546875,1704.7947998046875,1475.9813232421875,1832.8870849609373,1611.2386474609375,1716.2159423828125,1840.47119140625,1658.7822265625,1532.3118896484375,1570.254150390625,1619.580322265625
507.9096984863281,547.3482666015625,265.92535400390625,490.9742126464844,248.0681610107422,1395.9927978515625,1376.7347412109375,927.8284301757812,1806.4681396484373,332.242919921875,1550.7506103515625,1633.2620849609375,2463.947998046875,2028.3336181640625,1821.4500732421875,1427.4471435546875,636.55810546875,1722.2467041015625,1806.7183837890625,195.42965698242188,1756.3460693359375,1756.50390625,344.9664001464844,306.96820068359375,1883.4212646484373,1622.0845947265625,1868.65625,1773.6776123046875,1736.0064697265625,1763.2425537109375,1734.9744873046875,1158.3468017578125,1606.2626953125,943.24169921875,1810.269287109375,1737.6279296875,1132.1260986328125,1749.9940185546875,1591.636474609375,1697.6466064453125,1747.38134765625,1600.7313232421875,1968.8369140625,1951.5316162109373,1601.1357421875,886.4981689453125,1664.2374267578125,1917.718994140625,1782.8472900390625,1506.8941650390625,1189.443603515625,1539.3916015625,1560.3614501953125,1858.0196533203125,1587.453125,1683.0926513671875,1604.77001953125,1073.4366455078123,1369.4971923828125,1634.322509765625,1795.2884521484375,1748.14990234375,1801.6802978515625,1371.291259765625,1223.13671875,1798.131591796875,1755.570556640625,1105.6304931640623,1851.59130859375,1048.45263671875,1293.35107421875,1953.3265380859373,2018.07275390625,1663.82177734375,1380.8343505859375,543.8590698242189,1702.5322265625,1641.4903564453125,1494.177490234375,1947.5946044921875,1580.563232421875,2045.097900390625,1741.6416015625,1562.704345703125,1343.297119140625,1915.1624755859373,1368.830322265625,1536.994873046875,1499.3458251953125,1969.5308837890625,1693.650390625,1256.549560546875,1850.9512939453125,1757.0087890625,1466.7510986328125,1710.7506103515625,1482.394775390625,1824.936279296875,1618.6693115234375,1702.144287109375,1837.68603515625,1671.9130859375,1536.605712890625,1559.5509033203125,1608.0589599609375
514.4119262695311,538.32666015625,272.74325561523443,493.1482849121094,245.5393524169922,1400.875732421875,1380.4774169921875,913.4638061523438,1807.7740478515625,332.3882751464844,1547.607421875,1632.14404296875,2459.146484375,2031.499755859375,1822.3480224609373,1433.1043701171875,636.459228515625,1727.03662109375,1812.99462890625,195.97866821289062,1751.9449462890625,1767.9501953125,341.2119445800781,304.88751220703125,1888.0550537109373,1623.31103515625,1885.181884765625,1769.9248046875,1745.6890869140625,1779.7349853515625,1735.6123046875,1154.8826904296875,1613.7059326171875,935.3211059570312,1799.9967041015625,1729.6884765625,1134.4384765625,1748.7828369140625,1593.6884765625,1690.9893798828125,1753.55615234375,1602.6949462890625,1955.70849609375,1948.1685791015625,1596.7308349609375,873.2498779296875,1673.6019287109375,1909.3232421875,1783.68603515625,1494.969482421875,1195.610595703125,1544.4718017578125,1565.039306640625,1855.5400390625,1573.5538330078125,1678.689208984375,1590.6201171875,1066.1455078125,1362.9921875,1630.368408203125,1790.6617431640625,1740.1556396484375,1802.840087890625,1363.9893798828125,1234.448974609375,1785.903564453125,1757.839599609375,1096.892333984375,1846.5748291015625,1049.43212890625,1294.9248046875,1960.0201416015625,2010.53515625,1666.9527587890625,1382.555419921875,533.8980712890625,1702.3248291015625,1639.001953125,1489.1248779296875,1940.9969482421875,1581.4554443359375,2037.4124755859373,1747.8638916015625,1573.166259765625,1332.2884521484375,1912.8428955078125,1371.7874755859375,1542.00537109375,1500.6204833984375,1976.536376953125,1696.2620849609375,1260.235107421875,1852.8115234375,1747.61669921875,1468.6336669921875,1700.9486083984375,1497.6590576171875,1827.6986083984373,1608.8848876953125,1709.7587890625,1830.71533203125,1662.7020263671875,1545.7740478515625,1557.249267578125,1623.4207763671875
511.0581970214844,536.6624755859375,267.4996337890625,502.7365417480469,249.9738006591797,1404.7392578125,1381.7601318359375,929.87451171875,1802.078125,343.1355895996094,1549.2960205078125,1648.2784423828125,2443.932373046875,2031.366943359375,1817.48046875,1427.5821533203125,636.1766967773438,1723.42578125,1816.89697265625,195.550537109375,1762.273681640625,1766.6982421875,348.21630859375,294.6333312988281,1889.5447998046875,1627.8824462890625,1886.94921875,1764.82177734375,1741.6519775390625,1782.254150390625,1737.612060546875,1161.496337890625,1619.7718505859375,943.315673828125,1800.859130859375,1733.158203125,1129.07080078125,1744.5360107421875,1580.1927490234375,1685.6170654296875,1748.645751953125,1606.1812744140625,1949.269775390625,1939.64306640625,1588.6043701171875,883.55224609375,1675.800048828125,1903.8031005859373,1773.3148193359375,1499.883544921875,1190.1417236328125,1537.8909912109375,1561.4456787109375,1858.2611083984373,1561.6591796875,1679.864013671875,1595.580078125,1064.92431640625,1365.987548828125,1632.220458984375,1782.6038818359375,1744.5322265625,1789.7841796875,1354.20166015625,1238.9969482421875,1772.165283203125,1754.0762939453125,1089.75732421875,1822.8353271484373,1037.7054443359377,1293.5242919921875,1958.9541015625,2009.1767578125,1667.6107177734375,1386.331787109375,538.0048217773439,1690.0673828125,1646.825927734375,1498.2734375,1946.2763671875,1593.9991455078125,2043.7027587890625,1742.0943603515625,1567.86962890625,1332.84765625,1914.718505859375,1369.8128662109375,1536.3304443359375,1504.0325927734375,1970.662841796875,1696.9688720703125,1267.273681640625,1859.9930419921875,1761.8328857421875,1460.9652099609375,1709.5633544921875,1487.2633056640625,1826.1619873046875,1606.9434814453125,1709.9703369140625,1836.352783203125,1664.953369140625,1541.2913818359375,1554.54833984375,1618.210693359375
502.7051696777344,543.2078247070311,266.0487670898437,496.84674072265625,249.7001190185547,1392.540283203125,1363.7904052734375,916.5613403320312,1803.027099609375,339.8630676269531,1547.7208251953125,1635.9532470703125,2437.720458984375,2033.5018310546875,1816.922119140625,1427.9559326171875,637.20263671875,1730.5550537109375,1812.0029296875,199.26629638671875,1752.885498046875,1767.59033203125,338.6400451660156,299.8338928222656,1871.0135498046875,1620.9417724609375,1877.2406005859373,1753.8636474609375,1738.8665771484375,1776.747314453125,1735.9241943359375,1150.9534912109375,1613.0396728515625,934.0414428710938,1794.8587646484375,1728.7777099609375,1128.356689453125,1735.6336669921875,1584.9527587890625,1690.62890625,1739.1370849609375,1595.845458984375,1951.0748291015625,1936.5667724609373,1587.7412109375,876.99267578125,1660.685302734375,1910.6636962890625,1779.01806640625,1500.2294921875,1188.483642578125,1524.47802734375,1568.32470703125,1865.695556640625,1557.9007568359375,1686.1654052734375,1602.2847900390625,1070.535888671875,1372.37939453125,1629.525146484375,1781.287841796875,1734.4468994140625,1797.5736083984375,1360.3829345703125,1234.9886474609375,1771.3245849609375,1750.37744140625,1086.1925048828123,1831.9453125,1035.2691650390623,1291.6497802734375,1952.921630859375,2006.1085205078125,1668.6134033203125,1382.8927001953125,540.43115234375,1690.8380126953125,1635.2578125,1491.5863037109375,1933.6492919921875,1588.995361328125,2036.0552978515625,1737.6204833984375,1551.2745361328125,1335.04052734375,1904.4769287109373,1383.0634765625,1544.9429931640625,1496.918212890625,1973.3349609375,1693.2186279296875,1250.481201171875,1844.765380859375,1759.2138671875,1459.2950439453125,1708.0989990234375,1477.4722900390625,1813.7686767578125,1601.4427490234375,1694.05078125,1837.59765625,1647.9979248046875,1544.6103515625,1560.506591796875,1611.649658203125
515.42333984375,537.679931640625,267.73446655273443,501.7926635742188,254.88003540039062,1407.8140869140625,1383.6605224609375,919.8951416015624,1821.49755859375,334.8364562988281,1555.9456787109375,1647.6436767578125,2441.423095703125,2044.2506103515625,1822.3326416015625,1426.06396484375,630.2996826171875,1728.0224609375,1819.8741455078125,190.0649871826172,1755.8480224609375,1766.851806640625,344.0368957519531,298.5977783203125,1871.7578125,1622.595947265625,1882.4041748046875,1763.9290771484375,1738.2001953125,1775.5751953125,1731.5257568359375,1155.3218994140625,1612.6981201171875,931.028564453125,1802.9510498046875,1723.760009765625,1128.6199951171875,1747.9560546875,1585.2237548828125,1682.630615234375,1742.6005859375,1602.2581787109375,1956.5660400390625,1948.9473876953125,1585.1083984375,892.23095703125,1664.7218017578125,1914.75146484375,1791.2506103515625,1483.9227294921875,1191.135986328125,1523.986083984375,1569.8414306640625,1866.17333984375,1563.868408203125,1681.4384765625,1602.817138671875,1074.364013671875,1362.6865234375,1641.299072265625,1783.0347900390625,1731.6875,1794.4422607421875,1351.930419921875,1235.028564453125,1781.8765869140625,1757.7847900390625,1086.8677978515623,1822.78759765625,1048.5225830078123,1289.97265625,1952.540283203125,2008.179443359375,1672.0960693359375,1390.1268310546875,546.0841064453125,1691.79638671875,1643.8165283203125,1501.9813232421875,1936.7412109375,1587.9385986328125,2032.2386474609373,1741.7894287109375,1569.8060302734375,1342.0850830078125,1918.1021728515625,1379.8109130859375,1555.341064453125,1508.3533935546875,1957.7529296875,1690.8544921875,1261.51953125,1869.563720703125,1751.9482421875,1464.9630126953125,1712.3011474609375,1490.6138916015625,1827.8304443359373,1612.8636474609375,1700.2421875,1840.5185546875,1670.4656982421875,1537.7216796875,1556.745849609375,1616.7869873046875
508.3506774902344,528.8469848632811,276.98233032226557,495.51654052734375,249.314453125,1396.2650146484375,1364.9814453125,929.59716796875,1814.7835693359373,340.014404296875,1547.6624755859375,1643.627685546875,2439.453857421875,2035.7794189453125,1824.80615234375,1430.3662109375,649.5753784179688,1734.4991455078125,1814.80615234375,191.1805419921875,1751.3143310546875,1754.79541015625,343.8796691894531,298.380126953125,1873.1021728515625,1629.2396240234375,1880.9212646484373,1750.3238525390625,1739.0465087890625,1774.53662109375,1726.125244140625,1154.2646484375,1606.1793212890625,942.7937622070312,1793.644287109375,1732.8961181640625,1131.1163330078125,1739.79541015625,1584.7191162109375,1686.9083251953125,1735.7818603515625,1596.3736572265625,1942.8433837890625,1937.595458984375,1584.7481689453125,874.1185302734375,1673.9312744140625,1904.9417724609373,1769.7210693359375,1497.300048828125,1187.6348876953125,1532.328857421875,1564.3558349609375,1846.830810546875,1567.0020751953125,1675.926513671875,1596.972412109375,1073.2548828125,1356.2750244140625,1627.3792724609375,1790.1307373046875,1742.9068603515625,1786.8538818359375,1358.216796875,1227.1456298828125,1774.1802978515625,1756.8480224609375,1080.3804931640623,1827.1153564453125,1044.4522705078123,1290.4544677734375,1955.413818359375,2000.9173583984373,1660.2559814453125,1384.1470947265625,542.82958984375,1706.8193359375,1645.4444580078125,1498.6767578125,1942.04833984375,1584.629638671875,2036.9381103515625,1745.0562744140625,1560.9482421875,1334.599365234375,1913.178466796875,1376.7874755859375,1543.055419921875,1493.8140869140625,1964.57568359375,1696.510986328125,1253.7625732421875,1851.7442626953125,1768.0257568359375,1461.583984375,1702.144287109375,1478.5452880859375,1821.1893310546875,1604.4573974609375,1698.477294921875,1832.409912109375,1677.38623046875,1532.8863525390625,1555.8968505859375,1618.835693359375
516.3936157226561,528.1177368164061,269.7177734375,486.3276672363281,242.98789978027344,1394.454345703125,1371.039794921875,911.016845703125,1822.7802734375,340.9544982910156,1541.82421875,1633.201904296875,2431.153076171875,2030.1689453125,1829.718994140625,1414.3116455078125,634.1965942382812,1730.0172119140625,1817.163818359375,194.7887420654297,1749.3392333984375,1748.154052734375,341.3443298339844,296.8639831542969,1862.61474609375,1622.9283447265625,1863.7139892578125,1750.717529296875,1722.700927734375,1770.2235107421875,1734.7398681640625,1159.360107421875,1604.1739501953125,933.8572387695312,1786.1781005859375,1735.82275390625,1109.049560546875,1733.3116455078125,1587.0101318359375,1680.0592041015625,1726.953125,1596.5501708984375,1939.2794189453125,1940.0042724609373,1574.711669921875,886.9630126953125,1658.93701171875,1887.4866943359373,1763.0008544921875,1499.8525390625,1190.140869140625,1529.8155517578125,1552.818359375,1852.99853515625,1547.835205078125,1666.414306640625,1598.677734375,1057.3280029296877,1373.2340087890625,1632.52099609375,1785.0078125,1736.5087890625,1786.2767333984375,1342.8367919921875,1223.3951416015625,1764.2962646484375,1758.703125,1075.1502685546877,1825.1312255859373,1037.8902587890623,1276.1553955078125,1950.4407958984373,2017.913818359375,1658.93310546875,1389.4886474609375,545.8340454101561,1684.9351806640625,1638.7027587890625,1511.1319580078125,1933.3431396484373,1588.788330078125,2029.8609619140625,1735.8258056640625,1558.219482421875,1332.29248046875,1923.0748291015625,1361.2999267578125,1541.135986328125,1510.848388671875,1974.512451171875,1702.5980224609375,1257.40869140625,1841.5460205078125,1753.5679931640625,1460.2562255859375,1703.908935546875,1498.592529296875,1831.3349609375,1611.599609375,1703.8699951171875,1847.8974609375,1667.9515380859375,1535.907958984375,1561.543212890625,1614.010498046875
507.0137634277344,531.446533203125,274.38348388671875,493.3608093261719,245.39794921875,1386.47705078125,1372.1358642578125,925.0557250976562,1806.98193359375,337.429931640625,1530.4521484375,1625.695068359375,2420.83740234375,2011.777099609375,1816.57177734375,1410.3123779296875,642.5750122070312,1727.2391357421875,1804.572998046875,190.17025756835938,1745.0472412109375,1758.136474609375,343.43359375,298.5234375,1866.8251953125,1621.5101318359375,1864.7640380859373,1751.5506591796875,1731.0098876953125,1769.3927001953125,1727.840087890625,1143.945556640625,1601.775146484375,926.3865356445312,1802.6241455078125,1733.7608642578125,1131.42529296875,1734.3612060546875,1581.509033203125,1677.60791015625,1740.0484619140625,1593.6331787109375,1956.183349609375,1937.9111328125,1583.66357421875,876.3453979492188,1670.7564697265625,1905.3941650390625,1778.7625732421875,1493.7371826171875,1190.6512451171875,1524.953369140625,1563.50341796875,1853.4276123046875,1556.4515380859375,1683.467041015625,1598.0897216796875,1057.6436767578123,1367.044921875,1630.5255126953125,1790.27490234375,1747.2779541015625,1788.7479248046875,1361.451416015625,1228.141845703125,1758.69921875,1752.1624755859375,1079.7401123046877,1831.49072265625,1054.1077880859377,1278.8314208984375,1956.2288818359373,2007.837158203125,1660.36962890625,1383.1683349609375,549.7863159179689,1692.52880859375,1644.0574951171875,1490.2362060546875,1933.3577880859373,1598.75244140625,2036.50927734375,1736.125244140625,1561.9241943359375,1321.6390380859375,1913.7833251953125,1370.509765625,1532.3382568359375,1505.5850830078125,1967.7952880859373,1687.2149658203125,1252.1456298828125,1848.8310546875,1750.7828369140625,1462.0345458984375,1701.0963134765625,1495.0621337890625,1816.4149169921875,1618.0074462890625,1707.4072265625,1844.6396484375,1655.9156494140625,1526.1602783203125,1553.5699462890625,1609.7520751953125
509.3351135253906,533.308837890625,268.75283813476557,489.0837707519531,251.3785400390625,1391.2833251953125,1379.18701171875,910.7839965820312,1809.48828125,333.2313537597656,1534.4508056640625,1626.9617919921875,2424.241455078125,2021.6820068359373,1814.672119140625,1413.986083984375,619.47607421875,1722.7315673828125,1805.5096435546875,192.66693115234372,1748.7481689453125,1756.8380126953125,347.6021728515625,294.7362976074219,1870.9215087890625,1627.770263671875,1872.9136962890625,1766.7652587890625,1727.1402587890625,1773.863037109375,1725.0517578125,1157.314697265625,1610.7279052734375,941.532470703125,1802.0177001953125,1732.2103271484375,1114.4697265625,1739.552001953125,1586.5123291015625,1688.108154296875,1728.3140869140625,1598.1202392578125,1943.8563232421875,1930.0283203125,1591.8504638671875,884.4946899414062,1670.4248046875,1900.5316162109373,1769.1619873046875,1492.0413818359375,1185.832763671875,1528.4493408203125,1560.0543212890625,1854.7164306640625,1547.731201171875,1676.8056640625,1602.8935546875,1064.4849853515623,1374.3037109375,1630.61572265625,1786.2115478515625,1741.5152587890625,1794.9033203125,1369.2406005859375,1232.5921630859375,1764.9952392578125,1752.0472412109375,1087.79931640625,1855.85302734375,1046.0296630859377,1286.519775390625,1954.169189453125,1991.57421875,1667.08154296875,1381.1290283203125,548.3729248046875,1693.8668212890625,1639.6739501953125,1490.2945556640625,1936.94287109375,1591.5205078125,2037.2939453125,1743.176025390625,1561.3138427734375,1322.773681640625,1907.0234375,1361.1524658203125,1522.6485595703125,1500.6004638671875,1964.62890625,1693.0191650390625,1258.4989013671875,1842.4716796875,1750.033935546875,1471.8602294921875,1702.427734375,1481.527587890625,1822.610107421875,1606.4149169921875,1698.018798828125,1832.683349609375,1672.0159912109375,1532.0751953125,1559.523681640625,1615.86181640625
505.423095703125,541.6644287109375,272.44363403320307,492.9947509765625,250.8935852050781,1386.3551025390625,1380.9444580078125,920.81494140625,1825.6190185546875,335.8129577636719,1551.0472412109375,1630.12646484375,2420.275146484375,2026.9488525390625,1820.277587890625,1423.4996337890625,636.2908325195312,1731.0001220703125,1807.6265869140625,188.4770050048828,1751.7593994140625,1766.4366455078125,344.9359436035156,295.5622253417969,1873.2093505859373,1632.7547607421875,1871.8497314453125,1766.4580078125,1744.1298828125,1784.3857421875,1735.5252685546875,1149.0423583984375,1618.38232421875,928.846923828125,1803.0452880859373,1742.3612060546875,1126.879150390625,1744.83203125,1578.375,1689.604736328125,1741.276611328125,1603.9124755859375,1951.007568359375,1937.999755859375,1582.434326171875,884.4161376953125,1671.2777099609375,1921.30322265625,1784.855224609375,1498.352294921875,1195.7591552734375,1525.904296875,1566.7196044921875,1865.134033203125,1574.6939697265625,1678.157470703125,1598.7860107421875,1065.9453125,1375.0484619140625,1639.6146240234375,1784.6959228515625,1733.9134521484375,1802.2835693359373,1377.6014404296875,1237.63720703125,1790.3629150390625,1748.21240234375,1100.0537109375,1857.06396484375,1052.8065185546877,1305.0716552734375,1956.164306640625,2003.33056640625,1660.265869140625,1386.7061767578125,547.7290649414061,1688.37109375,1643.28662109375,1498.5087890625,1947.88134765625,1587.2593994140625,2042.9942626953125,1753.1033935546875,1549.33447265625,1325.3209228515625,1900.6123046875,1376.320068359375,1546.404296875,1498.3409423828125,1960.769287109375,1694.2142333984375,1259.7548828125,1857.0380859375,1748.0928955078125,1472.7509765625,1702.279296875,1481.260986328125,1825.5460205078125,1620.2828369140625,1699.675048828125,1831.6884765625,1655.095947265625,1533.5323486328125,1554.0732421875,1615.8455810546875
509.06866455078125,533.19189453125,267.24737548828125,491.9752197265625,247.30946350097656,1388.7105712890625,1380.097412109375,911.895751953125,1818.831787109375,332.11981201171875,1553.306884765625,1626.6024169921875,2423.852783203125,2037.9422607421875,1831.4215087890625,1422.224365234375,630.1077270507812,1727.8031005859375,1812.9093017578125,188.1508331298828,1756.9976806640625,1764.248779296875,342.09222412109375,294.86865234375,1873.9171142578125,1640.9044189453125,1874.8455810546875,1758.61083984375,1746.8065185546875,1782.94140625,1733.9002685546875,1153.6370849609375,1613.939453125,945.2420043945312,1807.5736083984373,1729.98974609375,1126.14794921875,1737.57275390625,1582.9287109375,1687.8154296875,1743.1207275390625,1600.11962890625,1950.942626953125,1937.2913818359373,1569.3798828125,875.5062866210938,1674.4232177734375,1904.934814453125,1775.94873046875,1491.99267578125,1184.6561279296875,1521.8609619140625,1565.1893310546875,1872.1988525390625,1571.425048828125,1673.0262451171875,1591.2388916015625,1066.5511474609377,1373.3739013671875,1632.7008056640625,1782.987060546875,1745.7271728515625,1805.7757568359373,1366.3841552734375,1227.2073974609375,1779.843505859375,1749.1024169921875,1093.09375,1842.137939453125,1049.5076904296877,1286.934814453125,1959.5791015625,2022.600341796875,1663.5684814453125,1382.8812255859375,545.625244140625,1693.4521484375,1639.073974609375,1492.9605712890625,1942.7828369140625,1580.2454833984375,2034.4239501953125,1746.3040771484375,1564.111572265625,1324.6414794921875,1908.9564208984373,1370.5399169921875,1553.5120849609375,1510.712890625,1968.575439453125,1701.8408203125,1244.7542724609375,1859.8404541015625,1736.8236083984375,1470.7249755859375,1709.6910400390625,1500.2366943359375,1827.2088623046875,1605.9566650390625,1715.07763671875,1838.5745849609373,1650.4019775390625,1528.3275146484375,1561.4920654296875,1613.255859375
506.33099365234375,539.3607177734375,265.20101928710943,496.3512573242188,250.79823303222656,1394.1365966796875,1377.759521484375,913.9230346679688,1820.0628662109373,334.0083312988281,1551.0902099609375,1634.403076171875,2449.630859375,2033.505859375,1829.59375,1418.98046875,626.8121948242188,1715.3934326171875,1810.769287109375,193.4436492919922,1752.9993896484375,1754.0765380859375,351.0747985839844,299.61395263671875,1875.97119140625,1625.76953125,1872.265869140625,1759.8251953125,1738.4420166015625,1774.4251708984375,1737.247802734375,1144.5628662109375,1615.5350341796875,944.3045043945312,1804.1923828125,1741.2178955078125,1141.0286865234375,1745.9111328125,1584.5953369140625,1680.2132568359375,1735.955810546875,1595.2137451171875,1954.3179931640625,1946.2178955078125,1593.6241455078125,882.5545654296875,1670.3701171875,1925.566162109375,1782.0745849609375,1495.8583984375,1188.8482666015625,1526.267578125,1571.2254638671875,1855.3221435546875,1563.7750244140625,1678.1160888671875,1602.717529296875,1076.369873046875,1365.494140625,1636.13037109375,1783.2984619140625,1740.5567626953125,1800.3511962890625,1352.8714599609375,1248.7042236328125,1773.7362060546875,1756.3680419921875,1080.1292724609377,1836.5096435546875,1049.8653564453123,1286.064697265625,1948.062255859375,2006.740966796875,1677.2589111328125,1384.7294921875,547.4363403320311,1696.6551513671875,1645.7132568359375,1501.4139404296875,1935.7406005859373,1591.080322265625,2033.9796142578125,1733.7496337890625,1571.6224365234375,1334.0865478515625,1916.04931640625,1370.9234619140625,1561.2867431640625,1508.5013427734375,1977.44140625,1705.8902587890625,1256.094970703125,1851.6953125,1746.7177734375,1460.1678466796875,1706.7017822265625,1492.49169921875,1832.9967041015625,1612.572998046875,1708.424560546875,1828.4970703125,1662.926513671875,1538.3397216796875,1558.4033203125,1611.508056640625
510.1811218261719,525.2296142578125,272.40664672851557,485.48626708984375,250.20909118652344,1384.685302734375,1367.57763671875,912.45458984375,1830.89697265625,327.7901611328125,1540.0670166015625,1640.886962890625,2437.537109375,2021.851318359375,1824.9781494140625,1433.138671875,627.87744140625,1732.9134521484375,1802.0059814453125,196.1914520263672,1750.2403564453125,1760.2755126953125,337.9886779785156,304.58563232421875,1874.707275390625,1628.8497314453125,1864.54931640625,1762.1689453125,1738.895751953125,1764.9840087890625,1725.8846435546875,1155.662353515625,1617.9991455078125,928.7467041015624,1799.76025390625,1751.0150146484375,1126.167236328125,1740.9197998046875,1584.7181396484375,1690.5606689453125,1740.69140625,1598.6956787109375,1953.7242431640625,1960.386962890625,1606.078857421875,863.3566284179688,1665.72119140625,1901.9534912109373,1773.033935546875,1497.12353515625,1185.60888671875,1529.203857421875,1561.78271484375,1854.8935546875,1555.8265380859375,1675.26904296875,1596.4495849609375,1065.27099609375,1365.58740234375,1634.633056640625,1792.1700439453125,1745.0174560546875,1795.9072265625,1349.3792724609375,1224.7587890625,1772.798095703125,1761.907470703125,1079.13037109375,1831.457275390625,1040.7628173828123,1269.98486328125,1938.4305419921875,2002.2791748046875,1668.93505859375,1380.9737548828125,535.6402587890625,1702.864501953125,1639.6787109375,1493.750732421875,1923.91162109375,1588.0328369140625,2034.63671875,1741.4566650390625,1574.0467529296875,1338.4267578125,1913.7633056640625,1362.9716796875,1535.75390625,1504.4190673828125,1968.2781982421875,1696.304443359375,1258.3302001953125,1857.8570556640625,1737.0341796875,1464.536376953125,1714.1231689453125,1497.0863037109375,1828.5318603515625,1602.654296875,1719.024169921875,1835.7130126953125,1675.8487548828125,1539.191162109375,1560.0191650390625,1618.7587890625
506.5866088867188,534.1714477539061,268.784423828125,500.8155822753906,249.9113311767578,1399.5777587890625,1363.724853515625,920.9319458007812,1812.2288818359373,335.0196838378906,1551.8087158203125,1640.62451171875,2449.397705078125,2028.3525390625,1835.136474609375,1432.5992431640625,617.4224853515625,1731.215087890625,1817.4173583984373,188.6158599853516,1747.905029296875,1759.1385498046875,346.00238037109375,303.4378967285156,1874.067626953125,1632.7999267578125,1857.9549560546875,1751.5732421875,1733.39599609375,1770.8795166015625,1722.6705322265625,1153.5308837890625,1612.4906005859375,930.7229614257812,1792.969970703125,1732.0029296875,1126.1951904296875,1742.5516357421875,1589.3184814453125,1687.0355224609375,1754.6253662109375,1600.6865234375,1952.5648193359373,1937.6983642578125,1597.75927734375,879.0609741210938,1666.4696044921875,1889.6292724609373,1766.62646484375,1488.3739013671875,1199.3167724609375,1523.660888671875,1569.39013671875,1852.8284912109373,1558.3629150390625,1679.763916015625,1593.684814453125,1067.0816650390623,1366.51611328125,1636.459228515625,1789.91943359375,1735.070068359375,1781.708740234375,1353.3336181640625,1238.4716796875,1763.4202880859375,1761.0408935546875,1066.194580078125,1828.9078369140625,1039.8531494140623,1275.172119140625,1953.0721435546875,1999.2607421875,1667.09619140625,1392.2020263671875,547.9122314453125,1700.6737060546875,1641.0047607421875,1498.7535400390625,1920.4710693359373,1588.8026123046875,2022.167724609375,1750.4906005859375,1564.2525634765625,1329.2530517578125,1909.016845703125,1368.7998046875,1527.808349609375,1495.8233642578125,1962.0841064453125,1702.4990234375,1251.4210205078125,1837.7923583984373,1743.5369873046875,1461.175048828125,1697.748291015625,1483.3626708984375,1830.6063232421875,1611.225830078125,1711.8804931640625,1837.3115234375,1665.4483642578125,1545.2669677734375,1571.4525146484375,1626.5330810546875
508.2564697265625,543.8026733398439,273.1005859375,503.39581298828125,243.2135009765625,1402.373046875,1377.0582275390625,939.85302734375,1820.2052001953125,343.5448303222656,1553.051513671875,1631.8076171875,2452.012451171875,2046.2359619140625,1822.6168212890625,1430.89306640625,644.8729248046875,1724.0736083984375,1810.0814208984373,190.5740966796875,1752.9957275390625,1747.86572265625,344.27398681640625,300.1051940917969,1871.4014892578125,1627.0189208984375,1868.9002685546875,1754.8369140625,1749.1077880859375,1776.4083251953125,1726.596435546875,1161.4454345703125,1609.2059326171875,932.6705322265624,1794.647216796875,1740.3421630859375,1134.970458984375,1751.5960693359375,1575.4339599609375,1688.720947265625,1748.1156005859375,1604.3004150390625,1954.5523681640625,1937.0146484375,1595.123779296875,868.4517822265625,1663.368408203125,1895.5277099609373,1778.21240234375,1496.9957275390625,1191.8017578125,1528.1614990234375,1567.7138671875,1854.7724609375,1557.6007080078125,1671.4832763671875,1599.0281982421875,1067.5308837890623,1371.2412109375,1642.42041015625,1795.03125,1732.6640625,1783.3897705078125,1346.9349365234375,1237.7032470703125,1769.2677001953125,1760.118408203125,1076.6929931640623,1827.2755126953125,1038.8590087890623,1282.9237060546875,1969.3731689453125,1998.0921630859373,1671.81396484375,1397.8228759765625,543.0606079101561,1710.165283203125,1645.4527587890625,1494.2955322265625,1935.3211669921875,1591.4368896484375,2037.6334228515625,1738.593994140625,1565.1575927734375,1327.7425537109375,1919.03369140625,1371.003662109375,1538.5516357421875,1493.9541015625,1961.0439453125,1694.3240966796875,1244.8179931640625,1853.46630859375,1752.700439453125,1456.8525390625,1701.308837890625,1477.7548828125,1821.1676025390625,1611.523193359375,1697.2559814453125,1841.9293212890625,1657.4256591796875,1529.9364013671875,1563.8447265625,1620.994873046875
513.8622436523439,540.1847534179689,265.58096313476557,505.6331787109375,246.7485656738281,1415.044677734375,1386.65380859375,910.6469116210938,1809.8013916015625,338.8426818847656,1549.0726318359375,1620.2154541015625,2447.427978515625,2051.746337890625,1799.8287353515625,1425.453125,626.689208984375,1730.3062744140625,1812.0672607421875,191.5817413330078,1749.152587890625,1745.0262451171875,344.4242248535156,303.91729736328125,1853.285400390625,1627.5916748046875,1845.8603515625,1753.3719482421875,1738.0804443359375,1779.5582275390625,1723.631591796875,1150.323974609375,1602.191162109375,930.8615112304688,1785.68212890625,1727.5943603515625,1118.3319091796877,1737.975341796875,1582.6365966796875,1681.548828125,1746.1048583984375,1591.4661865234375,1954.4344482421875,1929.8299560546875,1579.7581787109375,880.335205078125,1672.2652587890625,1904.7413330078125,1776.80859375,1496.04833984375,1195.652587890625,1537.6715087890625,1574.2581787109375,1871.1480712890625,1568.885498046875,1677.3726806640625,1597.32666015625,1071.4027099609377,1375.123779296875,1638.661376953125,1795.5882568359375,1740.61181640625,1793.1064453125,1340.56201171875,1240.64794921875,1775.7269287109375,1748.3037109375,1067.9508056640623,1817.3582763671875,1040.8702392578123,1274.5738525390625,1959.3717041015625,2015.8382568359373,1662.8714599609375,1391.506103515625,543.8709106445311,1708.6441650390625,1636.320068359375,1505.0673828125,1926.90869140625,1591.58740234375,2034.0196533203125,1736.1734619140625,1571.3106689453125,1326.4381103515625,1913.5758056640625,1343.909912109375,1527.607666015625,1499.206787109375,1972.6044921875,1690.786376953125,1260.373291015625,1855.716064453125,1735.748291015625,1461.1085205078125,1704.3695068359375,1499.1656494140625,1820.2509765625,1610.9659423828125,1703.6776123046875,1840.798095703125,1653.3616943359375,1534.5037841796875,1554.9664306640625,1616.7440185546875
503.5030212402344,544.6209106445311,269.74227905273443,496.7398376464844,247.32781982421875,1387.828369140625,1378.70361328125,917.9613647460938,1806.5369873046875,331.689697265625,1540.9373779296875,1621.7913818359375,2431.61279296875,2028.3302001953125,1834.956787109375,1409.266845703125,620.2181396484375,1728.44677734375,1815.278564453125,189.8046722412109,1752.5914306640625,1747.13525390625,341.6706237792969,301.7455139160156,1855.5411376953125,1624.5738525390625,1847.38427734375,1752.6715087890625,1736.745849609375,1771.6187744140625,1736.5579833984375,1150.546630859375,1609.4820556640625,913.7534790039062,1795.60595703125,1736.8779296875,1137.7425537109375,1738.35009765625,1574.4251708984375,1680.3458251953125,1730.3671875,1596.4124755859375,1956.16552734375,1951.690185546875,1577.61474609375,875.7413940429688,1675.1883544921875,1927.4130859375,1787.6943359375,1489.923095703125,1184.861083984375,1525.732177734375,1566.03369140625,1885.7139892578125,1568.9761962890625,1684.3544921875,1598.7926025390625,1075.32666015625,1360.28125,1627.681640625,1789.38916015625,1747.874755859375,1794.9195556640625,1341.1986083984375,1239.5338134765625,1780.60791015625,1759.695556640625,1069.0302734375,1836.48681640625,1057.6895751953123,1273.816650390625,1945.822998046875,2020.4873046875,1659.9278564453125,1399.766357421875,536.60302734375,1695.8031005859375,1641.8370361328125,1506.1982421875,1919.9130859375,1579.1453857421875,2038.5137939453125,1739.4215087890625,1566.4990234375,1328.7139892578125,1912.8662109375,1343.74365234375,1545.927001953125,1504.0552978515625,1960.6114501953125,1687.0799560546875,1244.457763671875,1857.8570556640625,1736.5511474609375,1456.72900390625,1709.666748046875,1496.4090576171875,1809.4840087890625,1608.75927734375,1705.1650390625,1830.9095458984373,1653.42431640625,1522.715576171875,1561.6939697265625,1606.8856201171875
504.9431457519531,538.8410034179689,266.53244018554693,496.7062683105469,246.3220672607422,1379.2825927734375,1378.9893798828125,910.4852905273438,1819.2039794921875,332.6567077636719,1550.3729248046875,1635.3603515625,2441.424072265625,2035.6953125,1821.6893310546875,1420.85400390625,620.9945068359375,1728.237060546875,1811.2677001953125,191.20626831054688,1753.69677734375,1743.807373046875,338.9632568359375,305.216552734375,1860.4124755859373,1623.260986328125,1864.4981689453125,1751.5435791015625,1731.5413818359375,1778.1492919921875,1734.954345703125,1150.7166748046875,1612.2489013671875,924.1012573242188,1795.1455078125,1739.0997314453125,1115.6080322265623,1738.774658203125,1585.3233642578125,1681.55517578125,1729.019775390625,1591.89453125,1951.636474609375,1943.6231689453125,1581.311767578125,857.1492309570312,1671.0081787109375,1923.1318359375,1785.3870849609375,1493.9259033203125,1186.4635009765625,1527.4075927734375,1573.832763671875,1868.3470458984373,1572.87646484375,1670.019287109375,1591.4990234375,1066.8818359375,1367.5479736328125,1631.0860595703125,1791.6727294921875,1742.6514892578125,1792.269775390625,1343.0404052734375,1236.1787109375,1789.44921875,1759.59228515625,1074.4539794921877,1820.84375,1056.71875,1264.482666015625,1950.78369140625,2005.762939453125,1680.2882080078125,1375.3670654296875,538.3999633789061,1706.5565185546875,1635.451171875,1486.965576171875,1934.7972412109373,1587.08447265625,2041.1441650390625,1741.74365234375,1564.0128173828125,1327.2310791015625,1912.951904296875,1364.5972900390625,1551.0245361328125,1492.244384765625,1962.7464599609373,1701.6917724609375,1258.9080810546875,1850.70068359375,1738.014404296875,1459.4638671875,1705.6944580078125,1491.2374267578125,1812.0096435546875,1614.52783203125,1707.4619140625,1830.97119140625,1660.034912109375,1518.7142333984375,1551.5,1611.287841796875
516.2072143554689,532.6980590820311,264.55270385742193,492.1026916503906,251.4140930175781,1408.1219482421875,1379.8355712890625,921.4666137695312,1809.3858642578125,334.4412841796875,1549.4483642578125,1629.325439453125,2454.707763671875,2049.205078125,1829.7718505859373,1422.9326171875,627.516845703125,1729.2041015625,1820.9703369140625,188.4564666748047,1757.6932373046875,1750.9847412109375,343.5874938964844,295.70538330078125,1856.830810546875,1624.915771484375,1871.7945556640625,1750.08740234375,1732.4735107421875,1781.108154296875,1732.5263671875,1158.5361328125,1607.0262451171875,936.1732177734376,1787.0654296875,1742.872314453125,1129.4095458984375,1743.5303955078125,1583.5003662109375,1680.749755859375,1731.180908203125,1598.734375,1948.1060791015625,1945.463623046875,1584.60546875,879.6675415039062,1664.643798828125,1896.6546630859373,1781.097900390625,1496.16796875,1184.3857421875,1523.5748291015625,1572.2271728515625,1850.3248291015625,1557.8563232421875,1665.00244140625,1602.98974609375,1068.4298095703123,1371.733154296875,1633.817626953125,1798.6689453125,1739.6741943359375,1789.3143310546875,1330.8583984375,1232.6265869140625,1764.4599609375,1757.8236083984375,1070.7816162109377,1812.4632568359373,1043.189697265625,1268.1800537109375,1956.487060546875,2002.967529296875,1669.222900390625,1375.8685302734375,539.5020141601561,1705.457763671875,1640.3896484375,1489.262451171875,1918.9915771484373,1587.5953369140625,2030.8626708984373,1740.1776123046875,1570.0738525390625,1323.2808837890625,1906.8734130859373,1370.5814208984375,1540.6728515625,1493.8717041015625,1960.5074462890625,1693.9547119140625,1246.066162109375,1836.129150390625,1753.1280517578125,1455.7655029296875,1710.37841796875,1494.583251953125,1820.295654296875,1613.5189208984375,1709.0640869140625,1831.6148681640625,1675.603271484375,1525.7706298828125,1560.2996826171875,1612.2039794921875
515.4959716796875,537.7942504882811,263.19674682617193,495.6947326660156,238.96383666992188,1406.198486328125,1388.027587890625,914.2705688476562,1799.609375,334.6298522949219,1547.468017578125,1632.10546875,2463.864013671875,2053.374755859375,1820.4759521484373,1408.1790771484375,628.0809936523438,1728.0567626953125,1815.3408203125,191.57955932617188,1758.924560546875,1738.8079833984375,350.6822204589844,297.08148193359375,1860.11083984375,1624.4039306640625,1873.0081787109373,1764.530029296875,1727.8875732421875,1771.05859375,1741.8720703125,1157.2625732421875,1607.4990234375,934.0230102539062,1787.7322998046875,1734.67578125,1115.7288818359377,1735.9996337890625,1590.6976318359375,1688.5517578125,1737.8017578125,1593.3319091796875,1948.76318359375,1947.8536376953125,1593.9385986328125,878.2638549804688,1659.0526123046875,1904.706787109375,1782.1845703125,1490.6435546875,1195.279052734375,1540.293701171875,1563.9080810546875,1857.2001953125,1559.2410888671875,1673.5960693359375,1609.695068359375,1062.2139892578123,1365.6942138671875,1631.13134765625,1794.2467041015625,1741.86181640625,1786.5970458984375,1340.016357421875,1230.5869140625,1767.1866455078125,1758.8675537109375,1071.416748046875,1823.1192626953125,1053.3251953125,1278.99853515625,1958.7445068359373,1979.08447265625,1669.9158935546875,1383.1348876953125,542.872802734375,1701.2000732421875,1637.4459228515625,1500.6800537109375,1932.0986328125,1583.77294921875,2031.6156005859373,1738.66162109375,1559.6243896484375,1321.67138671875,1913.2266845703125,1357.6800537109375,1548.8990478515625,1478.460693359375,1962.918212890625,1690.9765625,1257.9835205078125,1819.4007568359373,1758.1422119140625,1464.8115234375,1708.28076171875,1489.9605712890625,1825.8011474609373,1611.5406494140625,1707.89208984375,1841.515869140625,1672.667724609375,1529.1279296875,1552.2249755859375,1614.508544921875
520.1182250976561,533.3909912109375,262.56329345703125,497.5950927734375,239.7747039794922,1415.334716796875,1392.2777099609375,907.7454833984376,1806.5869140625,331.674560546875,1548.634765625,1641.15625,2456.64013671875,2066.03076171875,1812.1280517578125,1423.5906982421875,630.3966674804688,1727.24853515625,1826.507568359375,189.3678741455078,1764.132568359375,1744.789306640625,338.1177673339844,296.4877624511719,1868.24365234375,1623.781982421875,1884.6754150390625,1755.572998046875,1737.4320068359375,1783.66552734375,1729.1376953125,1148.9332275390625,1613.8271484375,933.5674438476562,1780.0126953125,1730.1312255859375,1120.59033203125,1736.172119140625,1581.6119384765625,1683.0107421875,1746.344970703125,1604.3358154296875,1941.997314453125,1944.0361328125,1595.250732421875,886.8951416015625,1659.5302734375,1901.5057373046875,1775.605224609375,1494.5513916015625,1195.7718505859375,1542.466064453125,1566.0567626953125,1849.363525390625,1550.6656494140625,1670.81494140625,1594.0941162109375,1065.3017578125,1363.7568359375,1636.6676025390625,1793.6962890625,1742.2274169921875,1788.9320068359375,1336.1414794921875,1247.2950439453125,1764.7236328125,1756.8232421875,1082.404052734375,1816.6937255859373,1037.3050537109377,1280.820556640625,1947.9927978515625,1991.485595703125,1662.4779052734375,1384.7489013671875,545.1235961914061,1701.1893310546875,1642.712158203125,1496.91552734375,1933.6112060546875,1584.48486328125,2038.610107421875,1749.8067626953125,1557.1793212890625,1332.1402587890625,1912.82568359375,1371.4273681640625,1533.1424560546875,1491.9189453125,1979.7076416015625,1696.8740234375,1250.4683837890625,1826.2391357421875,1764.7139892578125,1475.78271484375,1697.5767822265625,1479.46240234375,1836.41162109375,1610.1446533203125,1697.46630859375,1846.0281982421875,1679.1043701171875,1548.9876708984375,1567.5174560546875,1626.47119140625
512.6385498046875,542.6749877929689,272.98651123046875,500.2575988769531,244.94937133789062,1397.17138671875,1382.61279296875,924.134765625,1812.0640869140625,335.2052917480469,1550.1702880859375,1635.9652099609375,2441.80615234375,2047.211181640625,1824.7064208984373,1421.4432373046875,642.9639282226562,1727.343994140625,1819.097900390625,192.15151977539062,1762.7000732421875,1743.078125,338.99609375,301.2573547363281,1870.9188232421875,1637.697021484375,1883.5411376953125,1748.9940185546875,1747.27392578125,1787.65478515625,1732.7078857421875,1157.476318359375,1614.9244384765625,930.0935668945312,1790.0621337890625,1731.8726806640625,1118.110595703125,1741.0694580078125,1585.072998046875,1683.1968994140625,1756.337158203125,1595.4324951171875,1945.8798828125,1941.8701171875,1583.7041015625,881.09228515625,1671.8115234375,1899.9578857421875,1774.0263671875,1489.7752685546875,1198.16455078125,1542.673828125,1559.765625,1843.6610107421875,1548.3466796875,1666.2926025390625,1594.9241943359375,1058.953857421875,1365.462158203125,1630.5919189453125,1785.18359375,1724.5927734375,1792.12890625,1341.81201171875,1233.6136474609375,1761.062744140625,1756.2572021484375,1076.8074951171877,1818.8416748046875,1046.620849609375,1278.91748046875,1965.32568359375,1998.03369140625,1656.2237548828125,1393.7869873046875,545.63720703125,1702.625244140625,1640.5797119140625,1495.9437255859375,1929.9248046875,1583.8331298828125,2039.9342041015625,1736.337158203125,1557.2183837890625,1330.260009765625,1911.6168212890625,1366.8297119140625,1529.97998046875,1497.968017578125,1967.3558349609373,1700.155517578125,1258.316650390625,1836.87890625,1747.4447021484375,1460.8653564453125,1704.9593505859375,1478.6063232421875,1819.7000732421875,1620.5726318359375,1693.274169921875,1841.29443359375,1672.3486328125,1524.3436279296875,1555.1591796875,1616.1468505859375
515.8509521484375,539.3077392578125,268.29556274414057,495.9732360839844,243.10906982421875,1405.022705078125,1382.654541015625,912.208251953125,1826.1336669921875,344.7232666015625,1551.68408203125,1642.53369140625,2451.074951171875,2052.960205078125,1813.729248046875,1422.0899658203125,638.5936279296875,1732.493408203125,1821.546630859375,197.1608123779297,1763.6568603515625,1756.0252685546875,345.2862548828125,296.3385925292969,1869.86083984375,1627.3343505859375,1887.4937744140625,1751.66015625,1751.690185546875,1788.515380859375,1729.2139892578125,1155.9522705078125,1616.8116455078125,945.4728393554688,1800.3218994140625,1734.016845703125,1103.9964599609377,1734.6763916015625,1580.2667236328125,1681.1956787109375,1752.2554931640625,1596.9869384765625,1937.8441162109373,1929.4990234375,1582.5401611328125,881.1077270507812,1669.5439453125,1896.14208984375,1779.31103515625,1493.8759765625,1191.5478515625,1540.688232421875,1560.60693359375,1848.70849609375,1559.107421875,1669.9111328125,1594.8902587890625,1068.6151123046877,1377.2501220703125,1630.26513671875,1790.7808837890625,1731.77880859375,1781.16552734375,1329.315673828125,1232.7486572265625,1765.7431640625,1760.7530517578125,1083.9500732421877,1815.627685546875,1039.44873046875,1278.3402099609375,1956.8858642578125,1995.3218994140625,1662.5858154296875,1381.5811767578125,531.2623291015625,1707.947998046875,1637.135009765625,1490.7603759765625,1931.2781982421875,1587.9368896484375,2036.4544677734373,1738.0908203125,1567.25634765625,1324.0526123046875,1917.9398193359373,1360.652099609375,1527.24462890625,1503.3472900390625,1967.251220703125,1694.9951171875,1249.444580078125,1851.2352294921875,1757.31103515625,1458.1695556640625,1700.4757080078125,1488.458251953125,1830.0263671875,1607.3343505859375,1706.3734130859375,1833.2191162109373,1671.1527099609375,1539.5380859375,1562.462890625,1626.9339599609375
530.4085083007811,533.1820678710939,276.569580078125,489.9572448730469,244.42465209960938,1398.886474609375,1378.1513671875,907.4212646484376,1805.4013671875,331.3505859375,1552.1954345703125,1649.109619140625,2472.480712890625,2045.223876953125,1821.471435546875,1426.764404296875,640.4049682617188,1724.2620849609375,1821.8043212890625,196.1358795166016,1763.1468505859375,1754.5018310546875,341.6240539550781,296.9732360839844,1868.0029296875,1613.951171875,1896.8367919921875,1761.6968994140625,1743.1571044921875,1787.8040771484375,1734.4149169921875,1156.28271484375,1622.32373046875,944.009765625,1798.5748291015625,1731.35400390625,1103.120361328125,1736.0958251953125,1588.5625,1687.284423828125,1755.071533203125,1592.3460693359375,1935.234619140625,1936.0523681640625,1591.6871337890625,874.9044189453125,1661.97412109375,1887.8863525390625,1775.1114501953125,1484.2886962890625,1181.917724609375,1533.7462158203125,1563.07421875,1838.2091064453125,1548.484130859375,1663.363037109375,1605.66552734375,1066.9432373046877,1376.6162109375,1626.242919921875,1784.071533203125,1740.4468994140625,1776.0472412109375,1334.4327392578125,1228.10498046875,1758.0419921875,1759.0972900390625,1077.7926025390623,1819.7113037109373,1039.392333984375,1282.7589111328125,1956.7572021484373,1999.683837890625,1657.905517578125,1380.1258544921875,541.9868774414061,1700.0301513671875,1643.9473876953125,1488.2056884765625,1939.0880126953125,1584.807373046875,2038.9906005859373,1745.712158203125,1566.4951171875,1325.9432373046875,1915.6845703125,1370.54833984375,1537.776123046875,1502.2464599609375,1963.8575439453125,1692.3277587890625,1259.50341796875,1843.8828125,1762.60693359375,1468.6905517578125,1697.4544677734375,1479.5003662109375,1822.9248046875,1607.718505859375,1697.29638671875,1844.0955810546875,1654.1151123046875,1528.99609375,1562.3494873046875,1628.3382568359375
511.83721923828125,526.6488037109375,278.66561889648443,489.1447448730469,245.35482788085938,1380.5364990234375,1366.36767578125,913.5872802734376,1811.0380859375,339.4336242675781,1543.3232421875,1641.15625,2443.632080078125,2030.867431640625,1832.5682373046875,1433.37451171875,636.7041625976562,1729.1634521484375,1817.5517578125,192.4382781982422,1761.1553955078125,1769.3157958984375,344.7569274902344,300.1547546386719,1868.7283935546875,1618.9210205078125,1890.4676513671875,1759.213623046875,1744.790283203125,1787.1141357421875,1738.293212890625,1151.9212646484375,1620.152099609375,935.5313720703124,1789.3284912109375,1736.379150390625,1123.1888427734377,1738.0908203125,1590.1292724609375,1684.145751953125,1752.0733642578125,1597.3563232421875,1939.3406982421875,1928.09912109375,1591.224365234375,886.80859375,1665.2237548828125,1893.17041015625,1770.3726806640625,1497.5218505859375,1189.4822998046875,1526.44287109375,1564.8887939453125,1843.0667724609373,1540.0130615234375,1674.99072265625,1595.46240234375,1069.709716796875,1366.6689453125,1630.4832763671875,1779.9329833984375,1741.84375,1785.4537353515625,1352.5721435546875,1233.1461181640625,1757.94873046875,1753.2041015625,1082.3468017578123,1828.6025390625,1035.9051513671877,1285.1500244140625,1960.902099609375,2006.3975830078125,1661.1690673828125,1386.8829345703125,546.5916748046875,1686.3974609375,1642.1702880859375,1489.95068359375,1943.297119140625,1573.7510986328125,2031.5750732421875,1741.2470703125,1553.336669921875,1317.0682373046875,1915.130126953125,1372.7274169921875,1539.6793212890625,1501.2449951171875,1970.7974853515625,1691.610595703125,1245.317138671875,1835.848876953125,1760.8671875,1461.2947998046875,1706.39111328125,1471.73291015625,1820.711181640625,1605.397216796875,1689.5859375,1826.0732421875,1658.8377685546875,1526.7689208984375,1546.3228759765625,1622.5860595703125
520.0604858398439,535.1065063476561,269.73678588867193,486.46380615234375,242.57955932617188,1398.832763671875,1381.58544921875,907.5120239257812,1839.39453125,330.9425048828125,1552.7047119140625,1638.8812255859375,2471.733642578125,2039.303466796875,1829.4749755859373,1430.4117431640625,633.525390625,1730.058837890625,1827.4083251953125,188.6888885498047,1759.8984375,1748.498779296875,341.08099365234375,295.9533996582031,1861.0784912109373,1615.022705078125,1889.934814453125,1757.8056640625,1737.62353515625,1783.8038330078125,1727.4420166015625,1148.691162109375,1611.2357177734375,948.4447021484376,1796.7506103515625,1750.612548828125,1112.637451171875,1743.2493896484375,1588.7373046875,1686.63818359375,1743.2088623046875,1592.82275390625,1948.2166748046875,1935.85400390625,1582.4281005859375,873.5608520507812,1661.3421630859375,1906.7191162109373,1781.7677001953125,1500.594970703125,1182.6900634765625,1529.6708984375,1559.6168212890625,1849.8939208984373,1559.75048828125,1670.60986328125,1596.039306640625,1070.8951416015623,1363.5418701171875,1632.3392333984375,1766.2218017578125,1742.5435791015625,1783.7587890625,1344.007080078125,1230.588623046875,1776.64208984375,1755.2933349609375,1091.986083984375,1809.8780517578125,1043.1148681640623,1282.455078125,1954.2987060546875,2001.1790771484373,1666.9822998046875,1388.0374755859375,546.5333862304689,1696.600830078125,1644.721923828125,1498.8299560546875,1929.953369140625,1582.5059814453125,2027.5577392578125,1739.97265625,1562.0166015625,1329.3323974609375,1910.8380126953125,1388.4276123046875,1548.30712890625,1501.5504150390625,1968.9404296875,1702.0086669921875,1254.9306640625,1840.0380859375,1761.6923828125,1465.390625,1701.38232421875,1489.26025390625,1832.030029296875,1608.2918701171875,1704.3929443359375,1843.7724609375,1666.6722412109375,1540.2613525390625,1571.0966796875,1617.98974609375
522.6681518554689,538.87353515625,268.78530883789057,489.337890625,245.7803497314453,1405.109619140625,1387.2811279296875,923.4024658203124,1824.2559814453125,336.935302734375,1560.2705078125,1645.1837158203125,2470.42724609375,2034.8157958984373,1821.9327392578125,1418.6087646484375,634.8068237304688,1723.7210693359375,1816.360595703125,197.24256896972656,1755.5501708984375,1751.0880126953125,352.6277160644531,296.95928955078125,1860.9940185546875,1621.6593017578125,1875.1593017578125,1759.504150390625,1736.5982666015625,1782.1297607421875,1731.4747314453125,1162.1336669921875,1603.616455078125,943.12158203125,1792.5411376953125,1737.828369140625,1124.2210693359377,1739.0838623046875,1588.09716796875,1686.5360107421875,1732.5550537109375,1597.5426025390625,1938.937744140625,1945.3909912109373,1585.5347900390625,882.660888671875,1664.52734375,1896.0528564453125,1780.283935546875,1494.8726806640625,1181.2349853515625,1527.6788330078125,1568.0977783203125,1861.523681640625,1566.9501953125,1672.99365234375,1603.9539794921875,1072.0970458984377,1364.7755126953125,1634.6937255859375,1785.304443359375,1734.5877685546875,1783.7275390625,1346.7437744140625,1232.2125244140625,1768.2939453125,1754.13525390625,1087.3717041015623,1818.89208984375,1040.1077880859377,1291.330810546875,1955.85791015625,2012.5369873046875,1675.6375732421875,1383.148193359375,544.620849609375,1699.26220703125,1649.39501953125,1498.7342529296875,1937.3704833984373,1589.814453125,2035.8798828125,1736.9886474609375,1572.6961669921875,1329.671630859375,1915.6923828125,1377.8968505859375,1545.9315185546875,1502.6832275390625,1964.895751953125,1692.4544677734375,1250.7738037109375,1853.0291748046875,1757.7890625,1467.0426025390625,1713.6319580078125,1492.1695556640625,1817.2601318359373,1601.75341796875,1716.347412109375,1836.7508544921875,1684.182861328125,1535.3193359375,1557.542724609375,1609.1246337890625
524.48193359375,546.6361083984375,278.70944213867193,494.8990478515625,249.4673156738281,1402.210205078125,1379.710693359375,916.0416259765624,1817.9422607421875,334.9918518066406,1561.564697265625,1645.6080322265625,2469.70751953125,2040.782470703125,1818.5186767578125,1432.2283935546875,634.0074462890625,1726.8792724609375,1818.1944580078125,191.28146362304688,1757.691162109375,1755.1905517578125,346.7333984375,303.4291076660156,1865.7080078125,1621.465576171875,1876.058837890625,1752.393310546875,1732.2828369140625,1778.4119873046875,1722.7294921875,1157.897216796875,1614.957275390625,942.884033203125,1795.906005859375,1729.0218505859375,1117.5430908203123,1734.391845703125,1592.5084228515625,1687.3779296875,1731.0709228515625,1594.677001953125,1939.1009521484373,1943.989501953125,1570.0543212890625,871.8648071289062,1672.46533203125,1891.9063720703125,1782.6502685546875,1485.62744140625,1187.55029296875,1535.3221435546875,1567.062744140625,1856.3038330078125,1564.3846435546875,1678.1097412109375,1597.1832275390625,1067.1444091796877,1362.5093994140625,1633.29345703125,1788.16162109375,1740.4560546875,1783.4227294921875,1349.765380859375,1240.3499755859375,1774.777587890625,1753.5213623046875,1083.3304443359377,1823.2938232421875,1047.2349853515623,1288.1707763671875,1962.8546142578125,2006.596435546875,1665.37548828125,1379.945068359375,540.0045166015625,1702.630615234375,1646.519775390625,1500.248291015625,1931.772216796875,1590.9495849609375,2043.77587890625,1743.1136474609375,1570.8150634765625,1336.090087890625,1906.2403564453125,1373.5101318359375,1540.6531982421875,1503.72607421875,1962.022216796875,1695.8079833984375,1262.8902587890625,1862.1544189453125,1770.014404296875,1463.810546875,1706.664794921875,1496.247802734375,1825.09765625,1609.320068359375,1700.397216796875,1837.6422119140625,1677.26708984375,1538.3065185546875,1550.3790283203125,1619.6605224609375
517.408935546875,532.6109619140625,260.610595703125,497.5609130859375,241.33372497558597,1408.674072265625,1378.50927734375,913.4197998046876,1814.04443359375,341.5120544433594,1552.95751953125,1634.9215087890625,2459.123046875,2042.7578125,1818.9539794921875,1412.5499267578125,631.6233520507812,1722.8330078125,1821.98828125,192.7937469482422,1759.94677734375,1738.80712890625,341.1875915527344,300.2646484375,1866.1893310546875,1622.9234619140625,1863.29541015625,1751.7386474609375,1740.8336181640625,1779.238037109375,1722.1619873046875,1151.9031982421875,1605.8275146484375,934.0416259765624,1788.79150390625,1727.5875244140625,1111.5654296875,1723.325927734375,1585.9976806640625,1673.582275390625,1727.7938232421875,1588.5009765625,1938.3524169921875,1940.5762939453125,1577.0885009765625,879.615234375,1664.663330078125,1901.9456787109373,1778.589599609375,1488.344482421875,1186.0042724609375,1527.653564453125,1568.6929931640625,1857.4107666015625,1554.3382568359375,1675.0753173828125,1603.654541015625,1068.85546875,1366.873291015625,1635.709228515625,1781.504150390625,1738.68896484375,1785.2960205078125,1342.7620849609375,1234.044921875,1762.5147705078125,1751.5242919921875,1066.5863037109377,1811.2960205078125,1048.8121337890623,1270.61328125,1951.6207275390625,2009.7626953125,1670.2164306640625,1385.63818359375,548.2590942382811,1695.86328125,1639.5111083984375,1503.781494140625,1925.148681640625,1582.1552734375,2039.113525390625,1744.3118896484375,1570.7713623046875,1327.3245849609375,1908.316650390625,1358.271240234375,1533.2373046875,1502.097900390625,1971.4378662109373,1698.0394287109375,1255.3968505859375,1862.8043212890625,1751.56494140625,1461.292724609375,1705.080810546875,1496.34619140625,1818.3624267578125,1613.8577880859375,1716.665283203125,1841.7049560546875,1665.1695556640625,1536.6917724609375,1556.9052734375,1622.278076171875
504.6716613769531,532.1320190429689,278.3392944335937,497.40032958984375,242.85562133789062,1399.7294921875,1365.60693359375,915.0198364257812,1807.149658203125,343.0081481933594,1539.5511474609375,1628.6409912109375,2438.587158203125,2030.402587890625,1832.3961181640625,1406.927734375,633.9588623046875,1721.419677734375,1816.8955078125,191.6375274658203,1751.5894775390625,1747.27978515625,347.99725341796875,302.750244140625,1849.1358642578125,1615.6439208984375,1856.7532958984373,1752.2235107421875,1744.4058837890625,1775.156005859375,1731.3509521484375,1149.5096435546875,1607.689453125,920.56396484375,1781.2030029296875,1726.0283203125,1101.1109619140623,1727.8260498046875,1580.546875,1681.54150390625,1730.186279296875,1589.9241943359375,1933.04052734375,1935.5250244140625,1568.8016357421875,887.8954467773438,1669.70849609375,1907.6280517578125,1784.55859375,1487.247314453125,1197.4715576171875,1532.5933837890625,1564.9400634765625,1847.89208984375,1548.4853515625,1685.5443115234375,1593.2718505859375,1064.3355712890623,1373.0478515625,1631.8502197265625,1786.8157958984375,1734.8521728515625,1791.7078857421875,1330.0050048828125,1229.1922607421875,1755.737060546875,1753.5460205078125,1057.34375,1810.3016357421875,1050.2593994140623,1264.15966796875,1956.562744140625,2010.889404296875,1676.1090087890625,1380.8671875,544.0897216796875,1691.8121337890625,1641.6488037109375,1504.9720458984375,1927.1796875,1591.185546875,2043.707275390625,1739.6776123046875,1565.0771484375,1334.403076171875,1907.9984130859373,1353.6964111328125,1522.0472412109375,1488.9918212890625,1960.933349609375,1686.2978515625,1247.0640869140625,1844.3507080078125,1743.73193359375,1459.682861328125,1704.030517578125,1490.94921875,1815.3092041015625,1609.9647216796875,1713.7904052734375,1841.265869140625,1659.68359375,1530.9078369140625,1552.614501953125,1602.280029296875
516.5903930664061,539.5510864257811,271.01882934570307,495.3003845214844,244.2292022705078,1402.9298095703125,1384.0291748046875,898.6878051757812,1812.88525390625,335.6103820800781,1542.03466796875,1621.526123046875,2461.048095703125,2035.2391357421875,1815.158203125,1414.8885498046875,639.04931640625,1727.7650146484375,1815.554931640625,186.33758544921875,1753.859619140625,1750.0396728515625,349.1376037597656,299.26043701171875,1855.5736083984373,1626.4935302734375,1858.968994140625,1740.3441162109375,1736.2950439453125,1780.58349609375,1725.1937255859375,1153.0537109375,1611.42236328125,929.8895874023438,1787.0499267578125,1733.520751953125,1101.9619140625,1733.82421875,1583.5020751953125,1678.7987060546875,1725.35302734375,1590.1097412109375,1937.22412109375,1939.4410400390625,1566.5794677734375,886.7737426757812,1659.015380859375,1906.4693603515625,1769.155029296875,1499.693115234375,1197.71533203125,1527.9698486328125,1572.2232666015625,1861.75390625,1548.2088623046875,1678.539794921875,1593.2357177734375,1066.214599609375,1370.51318359375,1641.9896240234375,1787.0648193359375,1736.12109375,1791.6851806640625,1334.6142578125,1232.132568359375,1769.1527099609375,1756.69384765625,1073.501953125,1816.3741455078125,1046.2401123046877,1274.246826171875,1961.1982421875,2011.7620849609373,1672.04248046875,1388.0738525390625,542.9295654296875,1694.1065673828125,1642.9918212890625,1503.5850830078125,1915.8643798828125,1595.4188232421875,2039.14306640625,1744.9522705078125,1565.3243408203125,1324.9737548828125,1915.988037109375,1355.2142333984375,1529.8128662109375,1496.6932373046875,1970.9873046875,1703.6357421875,1245.668212890625,1847.3265380859373,1742.8939208984375,1467.287109375,1704.1126708984375,1482.298583984375,1823.1168212890625,1611.385986328125,1710.3505859375,1840.342529296875,1660.5699462890625,1533.365234375,1561.1546630859375,1614.4002685546875
513.1248779296875,543.6571044921875,272.2569580078125,500.113037109375,251.14610290527344,1399.0003662109375,1370.4364013671875,917.1394653320312,1807.3668212890625,343.3908996582031,1533.7366943359375,1618.6185302734375,2436.10986328125,2027.0400390625,1801.4937744140625,1410.9627685546875,641.2222900390625,1724.087890625,1813.1920166015625,192.39540100097656,1755.1827392578125,1750.8978271484375,341.5081481933594,297.18658447265625,1852.6632080078125,1624.7662353515625,1859.6722412109373,1751.484375,1736.1595458984375,1776.831787109375,1735.879150390625,1147.91552734375,1604.9267578125,932.5025634765624,1795.1722412109375,1731.7025146484375,1110.7396240234377,1732.1917724609375,1585.51953125,1675.862060546875,1740.2578125,1596.9285888671875,1937.7613525390625,1942.6375732421875,1576.6982421875,888.1275634765625,1669.140625,1900.1285400390625,1770.7882080078125,1500.73974609375,1184.02587890625,1528.4293212890625,1575.14208984375,1852.4267578125,1549.6431884765625,1675.4461669921875,1597.2674560546875,1055.2298583984377,1370.41650390625,1628.5718994140625,1777.1090087890625,1742.2890625,1788.4644775390625,1329.7679443359375,1227.4075927734375,1763.2919921875,1757.4576416015625,1068.066162109375,1822.113037109375,1041.3330078125,1286.6351318359375,1951.375,2022.981689453125,1649.4620361328125,1388.3544921875,547.5203857421875,1691.6722412109375,1637.35302734375,1493.0201416015625,1913.994873046875,1589.319580078125,2031.632568359375,1747.2869873046875,1567.5794677734375,1327.4202880859375,1916.38037109375,1364.9697265625,1523.8392333984375,1523.1370849609375,1971.884033203125,1691.0784912109375,1250.3408203125,1837.772216796875,1755.62744140625,1460.0057373046875,1700.0120849609375,1506.90673828125,1821.1826171875,1602.7718505859375,1711.683837890625,1833.850341796875,1646.8341064453125,1534.421630859375,1559.265625,1615.0445556640625
510.96099853515625,528.98193359375,268.31460571289057,490.8323974609375,248.0713348388672,1392.8558349609375,1378.6015625,899.282470703125,1800.195556640625,335.52783203125,1536.8604736328125,1626.5830078125,2438.364013671875,2017.58984375,1813.4422607421875,1408.5543212890625,627.6961059570312,1724.46044921875,1814.3885498046875,189.6467742919922,1752.499755859375,1750.7130126953125,341.6629333496094,301.2479553222656,1862.7491455078125,1620.0865478515625,1869.921875,1755.703125,1733.0361328125,1775.924560546875,1724.4376220703125,1156.2154541015625,1609.5596923828125,937.1765747070312,1791.6610107421875,1735.5419921875,1117.1259765625,1739.4945068359375,1587.3377685546875,1676.36962890625,1737.4261474609375,1593.961181640625,1943.2109375,1930.8223876953125,1587.353271484375,872.4307250976562,1669.1134033203125,1894.6309814453125,1764.3287353515625,1497.882080078125,1196.0595703125,1523.4974365234375,1571.6058349609375,1852.893310546875,1562.9093017578125,1672.8740234375,1594.69580078125,1065.7261962890623,1373.065185546875,1631.9652099609375,1792.6766357421875,1729.65478515625,1797.9945068359375,1343.387451171875,1228.4149169921875,1764.0748291015625,1751.4462890625,1076.8095703125,1826.5101318359373,1035.45849609375,1277.0634765625,1956.9820556640625,2016.9197998046875,1661.892333984375,1390.7376708984375,544.6859741210939,1694.7325439453125,1638.0484619140625,1502.431640625,1935.5506591796875,1579.904052734375,2037.649658203125,1731.3157958984375,1577.4091796875,1336.2359619140625,1919.09619140625,1366.5262451171875,1535.808837890625,1505.23486328125,1963.2752685546875,1700.376220703125,1250.9725341796875,1839.738037109375,1751.1007080078125,1463.178955078125,1703.969482421875,1501.146728515625,1824.70068359375,1619.8548583984375,1705.4501953125,1832.4930419921875,1653.711181640625,1532.3056640625,1560.2398681640625,1617.065185546875
517.9011840820311,538.9142456054689,263.14608764648443,490.4442443847656,249.13938903808597,1388.9576416015625,1378.9404296875,905.2706909179688,1804.62890625,345.2066955566406,1538.6002197265625,1619.3236083984375,2444.48974609375,2022.5648193359373,1808.238037109375,1404.7413330078125,626.8060913085938,1725.6617431640625,1818.2713623046875,189.8463897705078,1755.5645751953125,1752.9873046875,341.1083068847656,299.8382568359375,1867.0648193359373,1628.2943115234375,1863.777099609375,1761.4578857421875,1729.3052978515625,1781.5335693359375,1735.4710693359375,1145.7437744140625,1604.7816162109375,930.2062377929688,1792.2479248046875,1733.533935546875,1138.4322509765625,1734.4849853515625,1584.5628662109375,1680.183349609375,1730.90234375,1590.5947265625,1947.484130859375,1944.64599609375,1581.48291015625,884.8165893554688,1666.2857666015625,1906.04931640625,1778.1556396484375,1495.1925048828125,1189.1138916015625,1520.3040771484375,1565.9468994140625,1860.5330810546875,1563.6712646484375,1666.9610595703125,1597.81103515625,1065.2989501953123,1370.814697265625,1628.996826171875,1788.9071044921875,1734.805908203125,1790.8363037109375,1342.08837890625,1228.818603515625,1780.656494140625,1751.947998046875,1081.2716064453123,1827.3560791015625,1047.7142333984377,1299.0159912109375,1961.3389892578125,2008.343505859375,1664.39208984375,1376.7412109375,538.2926025390625,1698.7392578125,1647.910400390625,1496.7581787109375,1928.320556640625,1593.22314453125,2032.8651123046875,1728.63525390625,1572.986328125,1337.7677001953125,1914.1513671875,1363.0687255859375,1545.020751953125,1506.250732421875,1970.3275146484373,1694.010986328125,1248.6085205078125,1842.32421875,1746.9888916015625,1463.49267578125,1698.190185546875,1489.7535400390625,1825.6475830078125,1613.2264404296875,1703.10791015625,1830.9930419921875,1658.1483154296875,1539.10986328125,1561.82861328125,1613.8082275390625
510.25885009765625,528.6400756835939,272.75924682617193,489.5904541015625,252.69895935058597,1392.7939453125,1373.6639404296875,918.6192626953124,1791.9122314453125,335.705322265625,1536.5743408203125,1619.68896484375,2443.894775390625,2007.9964599609373,1807.0892333984373,1405.64892578125,627.042724609375,1718.3970947265625,1807.9879150390625,188.37327575683597,1751.8729248046875,1746.0107421875,347.32177734375,298.35205078125,1870.1766357421875,1615.2620849609375,1867.8094482421875,1767.7584228515625,1736.8291015625,1779.71630859375,1735.02978515625,1150.8037109375,1604.218505859375,920.3888549804688,1802.730224609375,1736.11181640625,1143.203857421875,1737.6634521484375,1579.2918701171875,1677.706298828125,1737.0185546875,1594.3988037109375,1950.0086669921875,1943.11572265625,1589.4354248046875,881.2881469726562,1667.9664306640625,1909.2454833984373,1778.4964599609375,1496.49755859375,1186.08837890625,1532.521728515625,1557.1788330078125,1869.3218994140625,1558.8916015625,1673.5601806640625,1595.7803955078125,1059.1031494140623,1365.6998291015625,1635.7489013671875,1792.2691650390625,1740.4398193359375,1796.32958984375,1349.45068359375,1228.2755126953125,1774.5369873046875,1759.2547607421875,1078.0654296875,1823.5213623046875,1050.14208984375,1288.3297119140625,1958.2664794921875,1996.45703125,1676.369140625,1382.462158203125,540.2232666015625,1694.848388671875,1635.7244873046875,1497.9166259765625,1926.8870849609373,1586.8194580078125,2034.2908935546875,1731.1893310546875,1564.0904541015625,1333.78857421875,1907.7294921875,1363.415283203125,1541.64697265625,1501.533203125,1973.3861083984373,1692.055419921875,1259.2562255859375,1851.234619140625,1748.484130859375,1463.387939453125,1707.064697265625,1473.0789794921875,1823.34765625,1610.515869140625,1700.690673828125,1834.597900390625,1654.6029052734375,1531.8583984375,1552.0914306640625,1614.4320068359375
512.177490234375,529.1790161132811,264.42898559570307,487.9242248535156,251.99774169921875,1398.2171630859375,1384.2864990234375,909.4326782226562,1806.8675537109373,337.1947326660156,1553.75146484375,1625.77099609375,2445.642578125,2034.091064453125,1812.2445068359373,1421.7894287109375,623.3101196289062,1728.7998046875,1816.7691650390625,192.98069763183597,1754.7100830078125,1745.270751953125,340.3769836425781,299.59625244140625,1863.265625,1622.6270751953125,1868.1500244140625,1755.337158203125,1729.0986328125,1776.6505126953125,1730.1202392578125,1161.9781494140625,1607.066650390625,943.4718627929688,1796.316650390625,1728.25634765625,1125.8643798828123,1735.7010498046875,1581.82275390625,1681.183837890625,1727.217529296875,1595.1904296875,1946.3560791015625,1937.2703857421875,1575.501220703125,882.3943481445312,1664.6669921875,1910.1351318359373,1785.4903564453125,1490.8480224609375,1187.883544921875,1531.285888671875,1562.138427734375,1867.8765869140625,1561.6842041015625,1684.7659912109375,1604.5946044921875,1069.2750244140623,1374.065185546875,1636.5706787109375,1793.1134033203125,1737.9744873046875,1791.074462890625,1338.8251953125,1233.7967529296875,1782.4383544921875,1755.6734619140625,1087.6126708984377,1827.5159912109373,1046.0225830078123,1289.6199951171875,1955.0621337890625,2012.52978515625,1669.887939453125,1377.3695068359375,544.4744262695311,1696.89111328125,1642.044921875,1499.8099365234375,1932.630126953125,1586.7469482421875,2038.97900390625,1732.761474609375,1561.9202880859375,1330.0211181640625,1911.1961669921875,1363.5621337890625,1547.6204833984375,1494.50390625,1974.90234375,1696.2978515625,1253.2393798828125,1852.754150390625,1751.7646484375,1460.5394287109375,1708.91259765625,1498.3583984375,1817.3861083984373,1613.0206298828125,1704.353759765625,1836.104248046875,1661.5482177734375,1543.2015380859375,1558.944091796875,1622.4736328125
509.0439453125,539.1854248046875,270.34326171875,500.29193115234375,244.5069122314453,1395.816162109375,1371.6199951171875,921.4562377929688,1797.884033203125,330.53253173828125,1547.4111328125,1636.4912109375,2430.047607421875,2024.5032958984373,1807.20166015625,1420.6566162109375,634.2966918945312,1730.6595458984375,1810.3089599609373,198.4686737060547,1751.5445556640625,1748.1416015625,348.2745056152344,301.46923828125,1865.0465087890625,1625.4456787109375,1871.6571044921875,1760.39697265625,1725.8544921875,1780.723388671875,1743.3226318359375,1152.4346923828125,1606.953125,938.3826904296876,1798.3953857421875,1733.3795166015625,1147.1768798828125,1746.3353271484375,1583.479736328125,1686.0269775390625,1741.5804443359375,1597.1419677734375,1955.5736083984373,1944.8548583984373,1588.40673828125,882.5695190429688,1673.9261474609375,1911.738037109375,1781.012939453125,1504.1192626953125,1189.2520751953125,1525.842529296875,1563.89013671875,1856.3994140625,1562.9400634765625,1684.1490478515625,1596.1796875,1072.479248046875,1371.6781005859375,1639.3211669921875,1794.2623291015625,1739.9547119140625,1794.45703125,1346.708740234375,1225.328125,1772.14990234375,1761.7503662109375,1080.9107666015623,1828.5386962890625,1037.5274658203123,1295.59033203125,1953.573974609375,2002.8427734375,1672.1964111328125,1382.843994140625,545.0007934570311,1691.83203125,1634.8624267578125,1486.7647705078125,1928.8443603515625,1589.37646484375,2033.604248046875,1727.4547119140625,1561.2113037109375,1330.5902099609375,1907.211181640625,1359.2449951171875,1551.1370849609375,1500.208740234375,1956.804443359375,1688.7998046875,1257.10107421875,1844.971435546875,1756.393310546875,1466.7899169921875,1701.6209716796875,1483.434326171875,1812.02587890625,1616.1546630859375,1705.42236328125,1828.4876708984373,1659.8800048828125,1537.0819091796875,1555.460693359375,1604.6309814453125
507.4678649902344,536.0092163085939,264.84268188476557,493.0404357910156,245.28729248046875,1397.9599609375,1384.6573486328125,913.5396728515624,1806.2535400390625,334.8744201660156,1555.4083251953125,1633.02880859375,2434.81884765625,2026.1610107421875,1822.2974853515625,1423.9476318359375,633.3301391601562,1723.8101806640625,1815.365966796875,185.3316802978516,1759.5501708984375,1752.191162109375,349.6707458496094,298.704345703125,1868.9312744140625,1632.69677734375,1888.2392578125,1757.8460693359375,1735.96875,1778.4317626953125,1735.1661376953125,1155.64501953125,1611.72607421875,952.9619750976562,1798.823974609375,1737.3272705078125,1128.8006591796875,1747.9014892578125,1583.7568359375,1691.3453369140625,1753.59228515625,1603.7762451171875,1958.415283203125,1933.71728515625,1587.3294677734375,893.087890625,1670.15771484375,1907.29052734375,1778.84912109375,1494.9842529296875,1197.3682861328125,1526.105712890625,1564.7762451171875,1852.4783935546875,1568.4840087890625,1674.595947265625,1595.4912109375,1068.1064453125,1374.3958740234375,1636.125244140625,1792.0760498046875,1743.036376953125,1797.9066162109375,1346.1387939453125,1236.8114013671875,1779.9146728515625,1753.00537109375,1094.94580078125,1827.2728271484373,1041.1287841796877,1294.0003662109375,1957.3082275390625,2009.7908935546875,1671.1397705078125,1382.5640869140625,541.5628051757811,1697.232666015625,1641.39111328125,1497.1390380859375,1929.37109375,1580.5244140625,2035.1123046875,1733.794189453125,1557.3160400390625,1327.3929443359375,1923.3428955078125,1352.5928955078125,1548.5386962890625,1505.7281494140625,1969.676025390625,1699.2685546875,1266.926513671875,1849.4732666015625,1758.4781494140625,1468.0078125,1698.411865234375,1481.3397216796875,1819.616943359375,1623.0302734375,1707.86328125,1838.5306396484373,1676.3961181640625,1536.255126953125,1552.2470703125,1624.4320068359375
511.0005187988281,541.058837890625,271.91384887695307,494.503173828125,250.0034484863281,1398.5550537109375,1377.6331787109375,918.594970703125,1786.58740234375,333.447509765625,1546.153564453125,1635.32861328125,2428.296142578125,2025.191162109375,1824.0582275390625,1425.199951171875,630.8063354492188,1722.048583984375,1819.05224609375,188.5608367919922,1755.327880859375,1752.8624267578125,341.2696228027344,300.8061218261719,1866.3492431640625,1625.51806640625,1883.059814453125,1754.5670166015625,1737.9326171875,1780.29931640625,1736.981689453125,1152.964599609375,1612.1846923828125,940.9876708984376,1792.563720703125,1735.87255859375,1137.4429931640625,1743.1435546875,1589.2275390625,1692.4970703125,1755.2752685546875,1596.3115234375,1951.576904296875,1943.4945068359373,1580.5882568359375,887.8299560546875,1671.5048828125,1905.8184814453125,1775.965087890625,1503.2825927734375,1194.4072265625,1535.7042236328125,1566.1234130859375,1857.2242431640625,1571.0501708984375,1668.2142333984375,1590.911376953125,1073.6971435546877,1364.583740234375,1628.0023193359375,1793.86181640625,1741.3663330078125,1790.47900390625,1345.5616455078125,1234.9715576171875,1781.0836181640625,1749.5458984375,1077.6142578125,1831.5120849609373,1053.4580078125,1286.787109375,1954.537841796875,2003.776123046875,1665.23779296875,1393.1240234375,547.70361328125,1692.0008544921875,1639.3424072265625,1500.81298828125,1934.144287109375,1581.233642578125,2033.7139892578125,1742.516845703125,1571.193115234375,1336.2381591796875,1912.8248291015625,1364.9642333984375,1541.80908203125,1499.7652587890625,1973.95068359375,1691.733154296875,1254.7783203125,1840.4058837890625,1758.1866455078125,1459.7816162109375,1702.890625,1488.0203857421875,1835.640380859375,1613.2802734375,1707.037353515625,1844.613037109375,1654.1617431640625,1529.1427001953125,1564.4619140625,1607.2066650390625
510.2369384765625,533.9058227539061,272.90167236328125,495.4833984375,248.51022338867188,1397.6954345703125,1377.6007080078125,910.4788208007812,1814.695068359375,333.8328552246094,1547.73291015625,1635.2569580078125,2445.27392578125,2034.98291015625,1819.613525390625,1422.6517333984375,630.547607421875,1720.2884521484375,1811.2301025390625,192.7885589599609,1754.4873046875,1754.5908203125,344.54296875,302.86663818359375,1877.0526123046875,1628.388427734375,1872.6649169921875,1749.2373046875,1739.7015380859375,1766.3037109375,1734.636474609375,1149.026611328125,1614.8304443359375,928.5225219726562,1788.5618896484375,1724.0142822265625,1118.9434814453123,1741.8453369140625,1595.31201171875,1685.403564453125,1741.2431640625,1590.864013671875,1962.1856689453125,1939.10791015625,1589.440185546875,880.5581665039062,1668.9261474609375,1899.105224609375,1774.56396484375,1502.588134765625,1184.304443359375,1529.1988525390625,1559.256591796875,1854.890869140625,1566.732666015625,1674.5753173828125,1598.33740234375,1071.5538330078123,1371.6385498046875,1620.55322265625,1788.2374267578125,1739.592529296875,1795.0654296875,1347.4315185546875,1237.35400390625,1768.4852294921875,1755.4058837890625,1081.6490478515623,1824.2950439453125,1034.2427978515623,1268.0965576171875,1942.80078125,2010.1593017578125,1666.0037841796875,1389.7845458984375,541.9683837890625,1698.432373046875,1638.7847900390625,1502.08740234375,1936.15869140625,1581.522705078125,2026.2896728515625,1743.0003662109375,1555.61865234375,1333.65478515625,1921.6214599609373,1364.509033203125,1533.9412841796875,1496.9127197265625,1969.6920166015625,1700.1583251953125,1262.9345703125,1844.1346435546875,1736.097900390625,1463.4586181640625,1702.2869873046875,1499.41845703125,1832.27490234375,1606.741455078125,1689.96875,1835.2764892578125,1662.8175048828125,1531.3612060546875,1562.7529296875,1619.7625732421875
505.4340515136719,534.8535766601561,271.87435913085943,494.7409057617188,249.03140258789062,1390.1591796875,1385.38525390625,908.680908203125,1813.3994140625,339.6199645996094,1547.2125244140625,1631.000732421875,2428.32568359375,2029.9378662109373,1831.1177978515625,1416.9512939453125,627.634521484375,1733.078369140625,1811.312744140625,195.6793212890625,1752.284912109375,1755.7015380859375,337.956298828125,301.995849609375,1871.1806640625,1635.9156494140625,1870.090087890625,1757.3106689453125,1749.9306640625,1775.1005859375,1730.86572265625,1154.2978515625,1618.8497314453125,929.5758666992188,1791.5263671875,1741.4039306640625,1125.573486328125,1730.927001953125,1579.568603515625,1681.12890625,1739.2633056640625,1595.7410888671875,1947.3857421875,1936.3455810546875,1587.8834228515625,878.4502563476562,1663.0330810546875,1914.0595703125,1775.9300537109375,1498.2247314453125,1195.1591796875,1526.4649658203125,1562.0179443359375,1866.2091064453125,1551.05908203125,1678.1546630859375,1598.9697265625,1062.612060546875,1368.7509765625,1635.0404052734375,1786.0343017578125,1749.29052734375,1786.22802734375,1357.1636962890625,1239.705810546875,1770.453125,1763.1290283203125,1078.728515625,1833.4564208984373,1050.4830322265623,1287.0501708984375,1958.289306640625,2006.734130859375,1669.918701171875,1389.0570068359375,544.5828247070311,1713.26416015625,1641.5543212890625,1503.5679931640625,1939.398193359375,1594.1417236328125,2043.2467041015625,1745.6739501953125,1548.754638671875,1338.4329833984375,1910.91796875,1384.2366943359375,1548.1246337890625,1493.6826171875,1963.8795166015625,1686.3995361328125,1245.84765625,1863.7554931640625,1740.512451171875,1459.00146484375,1702.8824462890625,1484.2886962890625,1820.244873046875,1602.702880859375,1700.1064453125,1828.839599609375,1658.775634765625,1526.0430908203125,1554.5465087890625,1610.958740234375
512.6907958984375,532.2362060546875,275.07241821289057,498.822509765625,244.67282104492188,1394.959716796875,1385.5419921875,931.3732299804688,1829.61328125,334.29376220703125,1551.3045654296875,1648.9866943359375,2445.0693359375,2039.4993896484373,1825.5341796875,1426.70556640625,636.114013671875,1724.6741943359375,1809.178466796875,192.22479248046875,1756.24365234375,1759.9627685546875,350.5013427734375,297.0941467285156,1870.7906494140625,1623.2452392578125,1868.66943359375,1761.05712890625,1754.1292724609375,1775.9228515625,1734.9111328125,1156.5089111328125,1621.541748046875,938.5972290039062,1809.0423583984373,1736.7442626953125,1127.08740234375,1742.7520751953125,1575.7503662109375,1685.3209228515625,1753.9434814453125,1598.60400390625,1943.91259765625,1936.7857666015625,1589.4935302734375,870.9489135742188,1668.0938720703125,1909.4017333984373,1785.0750732421875,1488.150390625,1199.1162109375,1533.4476318359375,1567.4951171875,1861.3193359375,1559.7459716796875,1675.5025634765625,1597.4478759765625,1071.6256103515623,1359.49609375,1627.8717041015625,1787.872314453125,1735.8974609375,1793.53271484375,1367.1422119140625,1232.794677734375,1767.16064453125,1755.50390625,1089.8759765625,1833.2022705078125,1035.1595458984377,1285.37353515625,1959.101806640625,2006.304443359375,1663.741943359375,1392.7086181640625,546.9108276367189,1705.7640380859375,1643.7174072265625,1501.0592041015625,1951.2821044921875,1582.78173828125,2039.084228515625,1749.3753662109375,1562.4727783203125,1333.36376953125,1913.403564453125,1381.9639892578125,1544.5029296875,1506.6322021484375,1970.04052734375,1694.7691650390625,1258.873779296875,1876.342529296875,1749.2337646484375,1460.86181640625,1704.1552734375,1489.7001953125,1816.7099609375,1604.603271484375,1696.566650390625,1838.823974609375,1664.5855712890625,1529.228271484375,1565.7293701171875,1611.00390625
513.944580078125,539.8704223632811,265.9344482421875,493.1266479492188,246.35028076171875,1406.54296875,1375.7198486328125,922.50732421875,1832.752685546875,323.8817138671875,1554.2235107421875,1647.35302734375,2448.220703125,2049.931396484375,1824.509765625,1443.3428955078125,638.1942749023438,1729.8004150390625,1828.52587890625,195.8431701660156,1756.8494873046875,1764.086181640625,342.0038146972656,298.3905334472656,1866.1507568359373,1630.433349609375,1887.063720703125,1762.4742431640625,1742.166748046875,1782.3353271484375,1734.34130859375,1155.4398193359375,1622.2230224609375,939.6228637695312,1789.9473876953125,1729.6195068359375,1127.6795654296875,1740.8572998046875,1586.5677490234375,1692.566162109375,1745.79833984375,1604.026123046875,1946.640869140625,1930.9561767578125,1575.2269287109375,880.341796875,1667.5157470703125,1908.2791748046875,1776.6591796875,1490.0849609375,1189.512939453125,1531.6507568359375,1566.7550048828125,1854.5880126953125,1567.08740234375,1677.6842041015625,1598.9622802734375,1068.0350341796877,1367.4390869140625,1632.9560546875,1791.0826416015625,1739.8304443359375,1797.23681640625,1362.931640625,1235.625244140625,1776.4970703125,1755.24365234375,1090.2164306640623,1838.4501953125,1038.7891845703123,1292.7425537109375,1964.123779296875,2007.655029296875,1664.5692138671875,1393.9185791015625,544.8309936523439,1699.8529052734375,1633.7528076171875,1497.8719482421875,1953.822021484375,1584.30712890625,2038.1376953125,1752.8250732421875,1558.7457275390625,1341.806396484375,1909.64306640625,1380.121826171875,1541.137939453125,1490.953125,1969.757568359375,1688.6402587890625,1258.0999755859375,1868.2301025390625,1762.0411376953125,1467.9561767578125,1715.3026123046875,1491.009765625,1825.062255859375,1609.8505859375,1704.975830078125,1834.257568359375,1664.9150390625,1538.5660400390625,1565.1741943359375,1619.6375732421875
506.6752014160156,532.5655517578125,271.52243041992193,497.216552734375,242.42984008789062,1390.4163818359375,1372.1248779296875,920.0450439453124,1813.9158935546875,338.9573974609375,1551.371337890625,1645.7052001953125,2427.728759765625,2042.5601806640625,1815.4656982421875,1429.3902587890625,633.72607421875,1727.5921630859375,1812.5888671875,197.3335418701172,1758.7841796875,1756.4134521484375,338.3695373535156,293.3730163574219,1862.9189453125,1632.5465087890625,1879.7216796875,1756.1324462890625,1742.2156982421875,1780.3470458984375,1736.3583984375,1151.6016845703125,1607.5452880859375,931.5413208007812,1789.8031005859375,1733.6658935546875,1133.93798828125,1738.64697265625,1583.6160888671875,1687.7379150390625,1746.637939453125,1602.0230712890625,1957.8359375,1939.5758056640625,1582.4398193359375,882.6098022460938,1667.3099365234375,1899.5399169921875,1778.0828857421875,1485.6156005859375,1191.110595703125,1536.342529296875,1563.3519287109375,1870.4969482421875,1565.0660400390625,1672.125244140625,1593.3232421875,1069.57373046875,1365.9642333984375,1623.5396728515625,1784.0333251953125,1743.43505859375,1797.1246337890625,1350.513427734375,1236.1219482421875,1770.8641357421875,1759.6448974609375,1079.2623291015623,1835.8583984375,1046.271240234375,1284.1593017578125,1952.79296875,2012.293701171875,1660.215576171875,1386.3336181640625,542.8687744140625,1697.2354736328125,1638.428466796875,1495.0595703125,1941.22900390625,1586.3682861328125,2041.596435546875,1753.29150390625,1551.1337890625,1328.017333984375,1909.5380859375,1381.1285400390625,1534.793701171875,1501.607177734375,1963.417724609375,1697.02880859375,1258.70458984375,1863.16796875,1752.0150146484375,1472.4500732421875,1720.383056640625,1483.4359130859375,1821.80859375,1608.3548583984375,1690.5311279296875,1841.1461181640625,1673.32275390625,1533.3182373046875,1556.0157470703125,1618.570556640625
506.7217712402344,542.2345581054689,263.918701171875,494.5511474609375,245.4417724609375,1402.9993896484375,1384.9869384765625,920.8025512695312,1825.292724609375,337.835205078125,1553.5150146484375,1638.5350341796875,2456.2685546875,2044.7613525390625,1811.977783203125,1415.323486328125,632.7723999023438,1730.4757080078125,1818.2431640625,197.14126586914062,1753.390869140625,1752.3167724609375,345.7746276855469,291.3294982910156,1858.7647705078125,1630.02490234375,1873.460693359375,1760.2298583984375,1744.47021484375,1774.898681640625,1727.4720458984375,1162.943359375,1611.7994384765625,941.0865478515624,1794.5699462890625,1741.1585693359375,1117.3009033203123,1740.20849609375,1579.710205078125,1686.14208984375,1750.5164794921875,1600.18359375,1939.6153564453125,1943.0921630859373,1586.5162353515625,886.9315185546875,1668.1322021484375,1908.9794921875,1785.6617431640625,1493.4219970703125,1201.5264892578125,1529.9827880859375,1564.0634765625,1853.9708251953125,1571.94091796875,1675.6552734375,1602.7099609375,1076.536865234375,1369.6717529296875,1634.9139404296875,1795.8629150390625,1742.179443359375,1799.6083984375,1344.7509765625,1245.7269287109375,1774.506591796875,1756.3367919921875,1078.5299072265623,1828.782470703125,1051.4708251953123,1277.1661376953125,1964.195556640625,2012.01025390625,1655.7974853515625,1394.8697509765625,542.0678100585939,1704.5155029296875,1646.5797119140625,1505.351806640625,1940.589599609375,1581.758056640625,2036.7935791015625,1743.5487060546875,1559.5423583984375,1330.30712890625,1912.9395751953125,1371.9085693359375,1532.8388671875,1500.365966796875,1957.9852294921875,1698.8267822265625,1251.374267578125,1852.2584228515625,1747.7958984375,1465.7113037109375,1710.2132568359375,1479.181396484375,1826.8792724609373,1613.8927001953125,1695.6949462890625,1839.855224609375,1646.766357421875,1533.7886962890625,1557.8768310546875,1614.2366943359375
516.1218872070311,541.0288696289061,269.646240234375,503.1971740722656,240.39622497558597,1393.025390625,1385.9571533203125,920.744140625,1821.7530517578125,332.2110595703125,1542.9898681640625,1635.4329833984375,2435.28076171875,2034.8199462890625,1815.783935546875,1419.591796875,632.9521484375,1728.841064453125,1810.859130859375,191.1230010986328,1757.0775146484375,1757.5230712890625,341.3990173339844,295.782958984375,1856.440185546875,1623.13037109375,1864.5521240234373,1756.048095703125,1747.9056396484375,1780.0694580078125,1717.0906982421875,1152.215087890625,1615.444580078125,937.8161010742188,1800.847412109375,1737.83349609375,1124.583251953125,1736.65234375,1583.2510986328125,1686.3848876953125,1752.75244140625,1597.5108642578125,1950.4249267578125,1943.266845703125,1593.3187255859375,883.047607421875,1672.999755859375,1915.34375,1776.39404296875,1497.0205078125,1183.9163818359375,1531.09375,1569.884033203125,1859.2972412109373,1559.52880859375,1676.5738525390625,1599.6319580078125,1070.7816162109377,1366.4324951171875,1633.1141357421875,1783.655029296875,1733.90087890625,1799.695068359375,1363.3792724609375,1233.539306640625,1773.4486083984375,1754.979248046875,1078.4769287109377,1837.403076171875,1047.8798828125,1285.543212890625,1959.4873046875,2009.1331787109373,1652.005859375,1390.0120849609375,543.1150512695311,1698.6441650390625,1642.0328369140625,1495.1461181640625,1940.2730712890625,1581.42138671875,2040.7230224609373,1742.0400390625,1562.7578125,1327.031494140625,1913.8145751953125,1374.0635986328125,1522.89453125,1512.283203125,1962.8887939453125,1692.220947265625,1257.8701171875,1853.3690185546875,1749.385498046875,1464.94921875,1717.7802734375,1485.5538330078125,1822.660400390625,1612.0721435546875,1695.436279296875,1835.6480712890625,1650.009033203125,1534.75390625,1564.888671875,1610.786865234375
507.7799072265625,541.9979858398439,271.9334716796875,500.9138488769531,247.84852600097656,1385.406982421875,1370.929443359375,918.15380859375,1824.370849609375,336.3007507324219,1536.3375244140625,1630.156005859375,2443.5556640625,2026.9375,1811.995849609375,1412.8717041015625,630.3444213867188,1725.3172607421875,1808.139404296875,195.81114196777344,1749.0472412109375,1752.823974609375,342.94537353515625,298.6682434082031,1857.9420166015625,1616.706298828125,1860.333251953125,1755.156005859375,1742.2672119140625,1777.75390625,1727.406005859375,1158.208984375,1610.6396484375,929.4395751953124,1797.5582275390625,1729.6168212890625,1122.200439453125,1739.131591796875,1581.4669189453125,1684.4061279296875,1747.95458984375,1596.643310546875,1951.5423583984373,1938.21630859375,1594.1307373046875,869.1774291992188,1667.4302978515625,1909.9483642578125,1774.5107421875,1496.3616943359375,1191.0084228515625,1529.75634765625,1567.1304931640625,1858.4771728515625,1559.721435546875,1675.5218505859375,1605.227783203125,1061.12109375,1371.3057861328125,1630.762939453125,1783.2374267578125,1745.4996337890625,1802.97412109375,1358.1807861328125,1228.343994140625,1776.414306640625,1757.48046875,1081.2030029296877,1839.4775390625,1044.3199462890623,1269.1251220703125,1962.0771484375,2014.6373291015625,1651.4478759765625,1384.99072265625,541.35888671875,1705.524169921875,1648.86474609375,1495.4573974609375,1929.9976806640625,1586.607666015625,2035.2939453125,1742.7052001953125,1557.2554931640625,1321.9019775390625,1912.3951416015625,1361.5111083984375,1528.059814453125,1511.9254150390625,1968.3642578125,1701.7025146484375,1247.8358154296875,1836.5164794921875,1741.2100830078125,1466.9400634765625,1712.7086181640625,1480.626708984375,1830.2376708984373,1607.708740234375,1691.7574462890625,1835.74755859375,1659.584228515625,1534.364501953125,1556.8414306640625,1627.6898193359375
515.930419921875,539.401123046875,268.82083129882807,496.9820251464844,244.73745727539062,1390.17626953125,1373.70751953125,908.72314453125,1827.6856689453125,337.3294372558594,1546.6370849609375,1630.0960693359375,2468.712158203125,2048.6513671875,1824.652099609375,1411.347900390625,635.11376953125,1728.7413330078125,1810.588623046875,188.9112701416016,1752.9434814453125,1751.9930419921875,349.53900146484375,297.5439453125,1873.167724609375,1619.0751953125,1870.2401123046875,1757.937255859375,1740.002685546875,1775.6932373046875,1724.3916015625,1153.3980712890625,1613.4876708984375,932.6387939453124,1788.055908203125,1734.334716796875,1127.18994140625,1736.515869140625,1586.6771240234375,1688.673828125,1735.2886962890625,1598.537841796875,1947.445068359375,1943.163818359375,1587.7181396484375,881.3726196289062,1672.0491943359375,1905.99365234375,1777.498779296875,1494.70849609375,1188.56640625,1530.8199462890625,1565.3670654296875,1852.8199462890625,1564.1785888671875,1670.635009765625,1602.4200439453125,1063.1990966796877,1372.82666015625,1636.6375732421875,1784.7340087890625,1740.6961669921875,1799.5531005859375,1359.52734375,1229.1561279296875,1775.4970703125,1753.6724853515625,1088.5400390625,1836.191162109375,1056.2818603515623,1281.307861328125,1957.157470703125,2002.726318359375,1665.13427734375,1387.61962890625,535.7933349609375,1702.7896728515625,1642.0712890625,1486.3580322265625,1937.8343505859373,1592.0079345703125,2028.195068359375,1751.1026611328125,1553.62158203125,1325.6837158203125,1914.1634521484373,1369.2310791015625,1543.998046875,1500.8658447265625,1967.808349609375,1705.110595703125,1244.3861083984375,1851.2138671875,1747.613525390625,1452.1920166015625,1703.4215087890625,1479.924560546875,1826.5914306640625,1614.174560546875,1697.7818603515625,1840.749755859375,1679.36962890625,1534.982177734375,1567.0130615234375,1607.0927734375
514.7024536132811,539.54052734375,271.93673706054693,495.62213134765625,250.82778930664062,1391.979736328125,1377.1806640625,920.8844604492188,1815.8897705078125,338.05859375,1546.8250732421875,1633.93115234375,2464.594970703125,2042.23681640625,1836.14453125,1421.8475341796875,635.0133056640625,1728.256591796875,1812.8824462890625,190.18431091308597,1750.7965087890625,1760.9278564453125,347.3042907714844,297.9844970703125,1875.038818359375,1624.9512939453125,1863.050537109375,1755.6558837890625,1738.506591796875,1775.9345703125,1726.144775390625,1157.4210205078125,1608.15576171875,933.9585571289062,1801.1669921875,1736.996337890625,1123.5677490234377,1751.6685791015625,1579.1529541015625,1686.150390625,1736.930908203125,1601.8895263671875,1948.773193359375,1940.56640625,1592.3021240234375,887.768310546875,1669.9158935546875,1913.09619140625,1775.4185791015625,1493.3062744140625,1186.039794921875,1535.5758056640625,1578.1219482421875,1862.12109375,1563.3089599609375,1672.470703125,1601.3720703125,1071.635986328125,1364.2391357421875,1641.4371337890625,1782.0234375,1739.6661376953125,1791.6788330078125,1350.3985595703125,1233.6739501953125,1774.800537109375,1755.3394775390625,1081.7210693359377,1835.3265380859373,1048.1251220703123,1276.8887939453125,1951.61669921875,1997.5850830078125,1676.087158203125,1386.8402099609375,535.1561279296875,1703.2960205078125,1636.235595703125,1489.4100341796875,1934.800537109375,1590.7518310546875,2037.1634521484373,1740.5093994140625,1563.6470947265625,1318.6712646484375,1898.3515625,1365.352294921875,1540.1116943359375,1491.711669921875,1962.7442626953125,1699.0430908203125,1247.7972412109375,1855.26416015625,1744.8873291015625,1462.813232421875,1707.5963134765625,1484.4759521484375,1825.7607421875,1607.6485595703125,1698.1275634765625,1830.852783203125,1668.733154296875,1523.1845703125,1557.0482177734375,1619.5433349609375
511.45050048828125,535.53662109375,267.3563232421875,490.3695068359375,251.17330932617188,1409.8406982421875,1379.0242919921875,918.2264404296876,1822.6610107421875,334.823486328125,1557.2962646484375,1633.5543212890625,2471.026123046875,2043.093994140625,1815.1190185546875,1428.6265869140625,633.7665405273438,1729.4765625,1811.6884765625,198.77337646484372,1749.070556640625,1761.5594482421875,345.419189453125,306.319580078125,1874.6689453125,1625.546630859375,1868.8065185546875,1767.8828125,1741.3546142578125,1762.3330078125,1732.85302734375,1158.7730712890625,1606.610595703125,929.9423217773438,1794.0111083984375,1740.1258544921875,1118.7530517578123,1740.928466796875,1587.610595703125,1682.016357421875,1729.59912109375,1598.97900390625,1954.5081787109373,1939.2586669921875,1599.2655029296875,879.6990356445312,1659.8759765625,1919.3104248046875,1784.6156005859375,1494.8509521484375,1185.2659912109375,1536.5347900390625,1567.959228515625,1865.5345458984373,1571.5595703125,1678.2340087890625,1598.891845703125,1076.0863037109377,1370.8243408203125,1633.3018798828125,1792.234619140625,1741.427001953125,1794.45849609375,1356.6800537109375,1239.8831787109375,1777.2886962890625,1758.8873291015625,1085.6083984375,1838.62890625,1052.6553955078123,1280.2315673828125,1952.729248046875,2004.72412109375,1670.25634765625,1396.4691162109375,548.5131225585939,1705.280029296875,1638.76708984375,1495.9498291015625,1939.179931640625,1593.38916015625,2040.8968505859373,1751.5853271484375,1567.2652587890625,1327.4910888671875,1911.930908203125,1360.973876953125,1535.7288818359375,1505.4766845703125,1969.4666748046875,1702.3636474609375,1257.3369140625,1850.82666015625,1745.5462646484375,1467.96435546875,1706.58154296875,1486.3221435546875,1827.74072265625,1604.9534912109375,1712.9874267578125,1840.14599609375,1656.248291015625,1536.9410400390625,1558.7353515625,1622.2191162109375
520.7431640625,542.2966918945311,277.26644897460943,492.1941833496094,247.78512573242188,1401.2152099609375,1381.6461181640625,924.5374145507812,1813.5867919921875,333.9120178222656,1540.7816162109375,1630.4970703125,2458.640380859375,2031.1890869140625,1817.16650390625,1420.677978515625,639.242431640625,1728.7073974609375,1808.6785888671875,189.37384033203125,1759.90869140625,1750.841796875,348.4419860839844,295.218505859375,1885.2430419921875,1627.5897216796875,1871.6009521484373,1762.5179443359375,1750.4664306640625,1774.6949462890625,1739.6424560546875,1154.267578125,1608.6900634765625,935.0861206054688,1793.2890625,1747.7689208984375,1118.70166015625,1742.0765380859375,1581.25439453125,1684.6181640625,1734.58349609375,1593.5477294921875,1947.96337890625,1942.567626953125,1595.6436767578125,874.697998046875,1668.861328125,1912.8349609375,1778.9991455078125,1495.8798828125,1176.624755859375,1522.537353515625,1568.558837890625,1868.4351806640625,1556.337158203125,1677.3251953125,1596.1864013671875,1061.4278564453123,1372.1239013671875,1633.70458984375,1788.3662109375,1740.7373046875,1800.593994140625,1349.580078125,1232.833740234375,1772.804931640625,1751.62646484375,1073.3936767578123,1830.4111328125,1045.2613525390623,1265.2398681640625,1953.1019287109373,2001.9149169921875,1665.6478271484375,1367.0262451171875,546.3944091796875,1698.250732421875,1639.0076904296875,1489.8505859375,1939.3203125,1592.3671875,2039.0035400390625,1753.7779541015625,1558.215087890625,1318.3765869140625,1903.5277099609373,1368.833251953125,1540.18408203125,1490.6260986328125,1964.8804931640625,1689.6217041015625,1247.559326171875,1843.97900390625,1751.0604248046875,1464.494140625,1710.7586669921875,1479.46484375,1811.5294189453125,1606.79736328125,1709.7469482421875,1838.3236083984373,1668.1968994140625,1523.2442626953125,1552.7813720703125,1613.1546630859375
520.382080078125,533.23974609375,269.18780517578125,496.0802307128906,244.6036376953125,1393.39990234375,1382.88427734375,912.9848022460938,1816.2430419921875,341.72979736328125,1540.3394775390625,1627.1546630859375,2457.839599609375,2031.0870361328125,1822.4849853515625,1422.22900390625,642.6143188476562,1722.8880615234375,1806.2392578125,199.3202667236328,1757.7347412109375,1758.9825439453125,343.1556701660156,304.43206787109375,1881.7100830078125,1624.5062255859375,1871.4981689453125,1761.9801025390625,1742.17333984375,1781.188720703125,1731.128662109375,1148.958251953125,1613.6138916015625,929.2053833007812,1806.5589599609373,1738.7061767578125,1120.05615234375,1741.2816162109375,1584.108154296875,1684.02001953125,1731.0894775390625,1592.4873046875,1949.46728515625,1945.9803466796875,1590.8206787109375,868.0645751953125,1673.1988525390625,1911.134033203125,1781.0672607421875,1484.4254150390625,1186.18115234375,1536.6055908203125,1562.83984375,1862.186279296875,1564.402099609375,1677.5325927734375,1608.2034912109375,1073.2493896484377,1362.9443359375,1640.1141357421875,1783.2978515625,1735.9228515625,1792.5015869140625,1343.783203125,1235.3604736328125,1781.1422119140625,1759.2626953125,1080.30224609375,1825.580810546875,1045.3583984375,1273.638671875,1955.13134765625,2007.688720703125,1673.57080078125,1384.749267578125,544.8015747070311,1700.7132568359375,1639.0023193359375,1489.284912109375,1935.3431396484373,1584.7413330078125,2047.6976318359373,1758.6671142578125,1557.2669677734375,1333.0980224609375,1911.6614990234373,1366.8973388671875,1542.0595703125,1487.822021484375,1968.9798583984373,1690.941650390625,1255.2069091796875,1836.4224853515625,1742.199462890625,1461.760498046875,1694.9384765625,1477.4632568359375,1826.2978515625,1614.21728515625,1713.5155029296875,1840.0970458984373,1672.7166748046875,1533.5479736328125,1551.5147705078125,1618.4951171875
519.3963623046875,536.54736328125,265.55374145507807,493.0366516113281,242.45587158203125,1410.1849365234375,1373.6265869140625,924.39599609375,1818.5986328125,332.480712890625,1550.59326171875,1633.3167724609375,2459.794677734375,2048.599609375,1822.743408203125,1420.89501953125,637.10205078125,1725.2938232421875,1812.9132080078125,193.8969268798828,1752.2227783203125,1757.21240234375,342.785400390625,298.594970703125,1884.927001953125,1628.4757080078125,1869.9742431640625,1754.0869140625,1733.394287109375,1776.3388671875,1728.5718994140625,1149.003173828125,1610.8885498046875,937.5913696289062,1792.920654296875,1739.2398681640625,1127.5799560546875,1737.0958251953125,1587.9964599609375,1686.129638671875,1733.5633544921875,1598.3541259765625,1944.0257568359373,1945.76708984375,1591.6070556640625,876.0697021484375,1668.2786865234375,1909.3577880859373,1784.76318359375,1497.0911865234375,1190.0594482421875,1535.9217529296875,1563.18701171875,1862.2686767578125,1566.0509033203125,1677.7188720703125,1601.33642578125,1061.466552734375,1370.660888671875,1631.5740966796875,1800.5838623046875,1750.46875,1792.2353515625,1355.893798828125,1243.475341796875,1774.507568359375,1763.8900146484375,1083.3458251953123,1830.82568359375,1050.4993896484377,1272.4073486328125,1949.1134033203125,2013.72412109375,1666.1376953125,1385.251708984375,546.6056518554689,1702.2032470703125,1638.29345703125,1502.5029296875,1936.9119873046875,1589.443603515625,2037.6363525390625,1742.3978271484375,1562.6954345703125,1320.8443603515625,1921.4329833984373,1375.0733642578125,1543.0513916015625,1502.3466796875,1970.6878662109373,1690.055908203125,1254.9677734375,1848.6751708984373,1756.984375,1463.743896484375,1709.24951171875,1490.1512451171875,1830.5498046875,1611.38720703125,1704.905517578125,1836.9163818359373,1675.887451171875,1535.349365234375,1549.8868408203125,1623.73486328125
509.2499694824219,537.2545166015625,266.68966674804693,491.0771484375,250.24557495117188,1400.196533203125,1380.2794189453125,926.289794921875,1829.3079833984373,339.8304748535156,1550.1177978515625,1641.3355712890625,2459.628173828125,2042.6466064453125,1826.957275390625,1415.1566162109375,637.59326171875,1730.9886474609375,1806.509765625,187.6143798828125,1747.9498291015625,1750.7542724609375,352.57122802734375,302.8891296386719,1868.8714599609373,1636.0908203125,1871.7869873046875,1745.8453369140625,1735.0699462890625,1773.8963623046875,1732.6883544921875,1145.1190185546875,1611.2269287109375,932.6831665039062,1797.6298828125,1736.737060546875,1115.4530029296877,1736.322998046875,1584.3890380859375,1684.931396484375,1743.5859375,1592.6634521484375,1945.158935546875,1946.8824462890625,1591.2880859375,862.4022216796875,1661.4091796875,1907.01953125,1783.19775390625,1494.37841796875,1189.4501953125,1539.4046630859375,1565.085693359375,1854.62109375,1561.737060546875,1672.267822265625,1598.818359375,1064.9398193359377,1361.9619140625,1629.6126708984375,1799.7142333984375,1735.440185546875,1787.1153564453125,1355.5684814453125,1227.560791015625,1782.18994140625,1755.6180419921875,1076.2587890625,1827.1632080078125,1057.2198486328123,1278.1783447265625,1951.58203125,1997.1881103515625,1672.33544921875,1380.78369140625,534.3792114257811,1702.80029296875,1642.5784912109375,1496.1337890625,1930.363037109375,1586.37939453125,2026.674560546875,1735.4371337890625,1557.5843505859375,1330.20166015625,1914.8690185546875,1365.4937744140625,1540.680908203125,1503.83447265625,1964.055908203125,1690.41064453125,1255.330078125,1851.3148193359373,1753.9395751953125,1465.17138671875,1711.3958740234375,1482.31005859375,1819.672119140625,1615.4267578125,1704.8973388671875,1839.2039794921875,1676.03125,1539.684326171875,1559.2535400390625,1613.8240966796875
510.76373291015625,535.1373291015625,276.30596923828125,497.802001953125,252.84385681152344,1410.7911376953125,1384.1083984375,911.78564453125,1829.3480224609373,328.9649353027344,1548.728515625,1627.961669921875,2461.05517578125,2046.9095458984373,1838.1658935546875,1420.433349609375,637.6564331054688,1723.4603271484375,1814.5123291015625,191.9221954345703,1749.691162109375,1752.9366455078125,346.5260009765625,300.36029052734375,1865.640625,1633.42724609375,1875.3492431640625,1760.337158203125,1733.4697265625,1773.0997314453125,1716.61669921875,1150.58154296875,1610.860107421875,939.3539428710938,1789.74609375,1732.9495849609375,1116.903564453125,1738.3157958984375,1582.4580078125,1675.100830078125,1749.123779296875,1603.49609375,1948.1754150390625,1947.9429931640625,1580.4637451171875,875.0592041015625,1664.82177734375,1919.63525390625,1785.3226318359375,1496.4281005859375,1195.9813232421875,1531.3804931640625,1561.9599609375,1851.042724609375,1568.2998046875,1678.0172119140625,1598.2607421875,1060.936279296875,1370.7451171875,1632.4010009765625,1798.89208984375,1739.2022705078125,1790.192626953125,1350.1070556640625,1237.8011474609375,1783.4212646484375,1751.44287109375,1091.629638671875,1820.1995849609373,1051.529541015625,1276.231689453125,1961.2257080078125,1998.835693359375,1672.8475341796875,1393.822021484375,538.3125,1706.0303955078125,1644.9195556640625,1505.5050048828125,1933.0902099609373,1589.291015625,2031.8575439453125,1735.6436767578125,1568.68505859375,1328.4937744140625,1907.7138671875,1376.314453125,1545.460205078125,1507.1744384765625,1972.8629150390625,1699.5667724609375,1257.093505859375,1851.0916748046875,1757.5616455078125,1465.283447265625,1707.1795654296875,1501.375244140625,1820.610107421875,1611.7222900390625,1708.5152587890625,1839.9144287109373,1666.4620361328125,1531.640869140625,1555.0914306640625,1613.4613037109375
515.3818359375,535.0089721679689,275.09771728515625,496.0123901367188,246.9227294921875,1402.3233642578125,1376.5185546875,920.7462768554688,1816.9278564453125,336.74151611328125,1540.7626953125,1638.566650390625,2433.996826171875,2045.2569580078125,1834.1761474609373,1423.7470703125,637.6566772460938,1726.567626953125,1823.7197265625,191.8936920166016,1757.9979248046875,1754.5166015625,347.1141357421875,301.0864562988281,1874.118408203125,1624.533447265625,1876.0333251953125,1748.6011962890625,1733.922119140625,1786.847412109375,1727.328125,1154.657958984375,1611.997314453125,940.6513061523438,1800.8807373046875,1733.422119140625,1115.7496337890623,1737.8121337890625,1579.3009033203125,1679.8519287109375,1740.2894287109375,1597.82080078125,1950.4820556640625,1935.7900390625,1571.072021484375,887.2516479492188,1668.1156005859375,1905.999755859375,1776.0543212890625,1495.899169921875,1188.6539306640625,1526.5198974609375,1558.5166015625,1852.3275146484373,1562.02490234375,1671.3812255859375,1604.313232421875,1059.50634765625,1368.0875244140625,1636.5150146484375,1793.9105224609375,1734.9345703125,1790.9405517578125,1352.005859375,1230.4447021484375,1771.237060546875,1755.00537109375,1079.0870361328123,1824.2100830078125,1044.097412109375,1288.3909912109375,1953.5023193359373,2009.14208984375,1666.8907470703125,1387.58251953125,545.06298828125,1701.8680419921875,1647.03125,1492.1273193359375,1936.468994140625,1590.0084228515625,2036.6219482421875,1742.7620849609375,1567.7474365234375,1330.0325927734375,1902.7366943359373,1350.8037109375,1537.95458984375,1507.12353515625,1956.7415771484373,1691.5687255859375,1246.265625,1846.1363525390625,1758.29052734375,1463.1884765625,1709.3564453125,1496.9654541015625,1811.3890380859373,1615.1884765625,1704.0380859375,1834.1728515625,1675.5570068359375,1529.992431640625,1561.1553955078125,1612.302490234375
516.4718017578125,533.8032836914061,266.79989624023443,496.7525634765625,242.17694091796875,1405.9261474609375,1379.457275390625,912.2614135742188,1818.6597900390625,334.4395446777344,1551.216796875,1633.1705322265625,2457.000732421875,2040.653564453125,1832.9630126953125,1431.778564453125,620.584228515625,1724.3023681640625,1823.4208984375,189.29173278808597,1759.5640869140625,1766.558837890625,337.81121826171875,296.81182861328125,1861.85546875,1625.423583984375,1879.4952392578125,1754.616943359375,1737.9429931640625,1788.3031005859375,1724.9000244140625,1152.9580078125,1603.2828369140625,934.6065063476562,1809.21484375,1729.2781982421875,1116.9808349609377,1737.0616455078125,1583.6474609375,1679.27978515625,1746.4736328125,1601.6553955078125,1945.8792724609373,1947.8447265625,1581.41162109375,880.2510375976562,1671.9267578125,1908.072998046875,1786.0137939453125,1496.0491943359375,1196.3525390625,1540.71533203125,1564.1832275390625,1864.2783203125,1569.68408203125,1675.9801025390625,1600.8734130859375,1064.26171875,1369.3907470703125,1634.00830078125,1794.92724609375,1740.2713623046875,1788.227783203125,1348.7919921875,1233.82373046875,1766.4212646484375,1753.9290771484375,1088.4552001953123,1824.5396728515625,1059.669189453125,1289.65234375,1965.9759521484373,2012.0908203125,1668.7060546875,1391.223876953125,544.77978515625,1698.96630859375,1640.52978515625,1506.5357666015625,1919.466064453125,1586.8997802734375,2029.43115234375,1732.9967041015625,1588.89453125,1337.744873046875,1913.6566162109373,1359.9083251953125,1541.808837890625,1517.392333984375,1966.35009765625,1701.20751953125,1256.1575927734375,1845.340087890625,1756.7191162109375,1465.02490234375,1696.0684814453125,1504.568359375,1831.6075439453125,1608.492431640625,1723.8455810546875,1840.269775390625,1656.049072265625,1541.4774169921875,1561.728271484375,1615.7071533203125
511.4547119140625,530.0748901367189,266.64569091796875,491.4248962402344,247.29383850097656,1404.733154296875,1372.036865234375,908.6286010742188,1796.8223876953125,335.17462158203125,1552.6904296875,1622.271240234375,2460.022705078125,2033.5966796875,1824.19677734375,1414.185546875,616.3323364257812,1731.2427978515625,1814.6591796875,193.66172790527344,1761.4591064453125,1762.3389892578125,341.64837646484375,300.6782531738281,1858.756591796875,1626.1776123046875,1875.49609375,1759.2470703125,1730.7491455078125,1786.7401123046875,1735.7086181640625,1156.4119873046875,1603.6553955078125,931.6380615234376,1797.1024169921875,1721.52099609375,1123.006591796875,1737.92431640625,1579.3043212890625,1684.280029296875,1742.809814453125,1594.9718017578125,1960.1644287109373,1950.773193359375,1579.731689453125,881.8170166015625,1672.8734130859375,1905.97900390625,1777.5159912109375,1501.73193359375,1195.0849609375,1532.43408203125,1565.8638916015625,1859.131591796875,1568.4666748046875,1695.385498046875,1584.2108154296875,1065.44921875,1364.8094482421875,1625.33544921875,1790.4228515625,1741.8951416015625,1794.5439453125,1338.3726806640625,1236.5589599609375,1778.128662109375,1755.0322265625,1084.8433837890623,1833.104248046875,1045.0269775390623,1285.1324462890625,1967.7022705078125,2011.6856689453125,1656.356689453125,1384.94482421875,544.64892578125,1691.0283203125,1636.2972412109375,1495.34716796875,1923.6878662109373,1582.0872802734375,2033.0150146484373,1733.3519287109375,1585.469482421875,1339.36572265625,1919.44775390625,1370.929443359375,1523.3389892578125,1503.9798583984375,1968.3642578125,1696.60693359375,1257.6708984375,1857.5306396484373,1748.1376953125,1466.24951171875,1700.6829833984375,1510.986083984375,1831.0928955078125,1606.6865234375,1724.1651611328125,1830.3076171875,1650.7510986328125,1528.1591796875,1553.4073486328125,1604.7020263671875
504.5730285644531,526.8400268554689,274.28860473632807,489.16534423828125,247.4254913330078,1389.479736328125,1380.2269287109375,900.5131225585938,1791.95556640625,339.15643310546875,1542.290283203125,1624.30517578125,2439.399169921875,2017.100341796875,1811.365966796875,1419.3675537109375,620.2273559570312,1723.363525390625,1807.4976806640625,189.1985321044922,1759.3861083984375,1755.3597412109375,341.3524475097656,298.4656066894531,1855.617431640625,1622.5513916015625,1869.72021484375,1756.44775390625,1738.8486328125,1781.719482421875,1739.8419189453125,1157.7093505859375,1613.830810546875,932.01611328125,1794.0435791015625,1737.613525390625,1138.782470703125,1736.841064453125,1587.6839599609375,1676.95361328125,1740.6937255859375,1593.71240234375,1949.1109619140625,1940.8089599609373,1587.5093994140625,889.9657592773438,1671.2054443359375,1902.023193359375,1777.7926025390625,1491.323974609375,1192.8616943359375,1523.3505859375,1566.0888671875,1863.8011474609373,1565.6748046875,1682.2034912109375,1602.653076171875,1072.4029541015623,1371.5689697265625,1632.63232421875,1783.881591796875,1745.3587646484375,1791.8662109375,1353.1290283203125,1233.037841796875,1782.5159912109375,1758.2845458984375,1079.0413818359377,1821.6898193359373,1047.9403076171877,1287.1658935546875,1960.2314453125,2015.4149169921875,1665.4586181640625,1390.343505859375,542.7305297851561,1698.28466796875,1641.69482421875,1501.220458984375,1938.9146728515625,1582.5281982421875,2032.2479248046875,1743.6553955078125,1580.1258544921875,1329.4718017578125,1912.8236083984373,1360.6641845703125,1539.6868896484375,1490.01220703125,1963.6826171875,1693.591064453125,1248.7332763671875,1845.33056640625,1746.4144287109375,1459.0615234375,1699.003662109375,1499.3330078125,1818.8963623046875,1610.5574951171875,1711.1011962890625,1830.528564453125,1655.982666015625,1523.791259765625,1560.2509765625,1617.5836181640625
510.5015563964844,535.0443115234375,268.9505615234375,494.72882080078125,245.71543884277344,1391.3465576171875,1386.0733642578125,900.4038696289062,1815.8408203125,335.446044921875,1548.3291015625,1624.40771484375,2436.3798828125,2029.2506103515625,1822.218505859375,1418.3870849609375,628.72607421875,1724.026611328125,1816.4281005859373,196.11685180664062,1758.2625732421875,1750.167236328125,337.7402038574219,297.9346618652344,1869.9085693359373,1619.1917724609375,1882.2880859375,1770.62353515625,1733.3389892578125,1773.9664306640625,1743.3304443359375,1158.8179931640625,1611.76611328125,935.968017578125,1794.634033203125,1736.0888671875,1135.152587890625,1755.5732421875,1582.5870361328125,1693.437255859375,1747.5386962890625,1605.9364013671875,1950.1351318359373,1933.9921875,1589.974853515625,877.2260131835938,1669.21142578125,1907.237060546875,1772.4512939453125,1502.0087890625,1189.392333984375,1520.4825439453125,1562.520263671875,1861.3155517578125,1557.1878662109375,1676.7933349609375,1594.6142578125,1066.7923583984377,1365.333251953125,1640.7939453125,1782.5682373046875,1735.8759765625,1786.1156005859375,1354.6195068359375,1232.33740234375,1768.3460693359375,1757.1024169921875,1089.146728515625,1836.9317626953125,1032.9359130859377,1296.610595703125,1954.114501953125,2001.7205810546875,1667.0904541015625,1391.8258056640625,547.8386840820311,1701.36279296875,1646.570556640625,1499.3406982421875,1937.5838623046875,1588.2452392578125,2029.437255859375,1741.582275390625,1577.2867431640625,1329.2294921875,1915.5927734375,1385.221435546875,1552.6151123046875,1507.4593505859375,1961.605712890625,1700.3681640625,1258.21728515625,1838.0517578125,1754.02978515625,1461.44091796875,1700.4893798828125,1502.1092529296875,1827.40087890625,1615.0350341796875,1712.9188232421875,1845.4588623046875,1672.754638671875,1538.1475830078125,1562.9013671875,1625.6038818359375
504.3014526367188,537.3001708984375,267.8055419921875,494.264892578125,248.3318328857422,1384.61962890625,1380.156494140625,914.056640625,1814.265625,333.9434509277344,1548.8428955078125,1629.7884521484375,2426.961669921875,2025.2425537109373,1824.0177001953125,1417.259521484375,631.7554931640625,1730.315185546875,1811.0003662109373,191.7933349609375,1754.433349609375,1751.031494140625,348.1973571777344,301.7422790527344,1860.7406005859373,1618.7952880859375,1874.737060546875,1771.8447265625,1734.0980224609375,1773.515380859375,1740.99755859375,1156.1121826171875,1610.906494140625,943.0081176757812,1805.60595703125,1735.9371337890625,1132.9691162109375,1753.6778564453125,1585.0628662109375,1690.8662109375,1736.957763671875,1598.4051513671875,1962.1661376953125,1944.84375,1592.973388671875,874.9610595703125,1666.871337890625,1900.9737548828125,1779.6712646484375,1497.05029296875,1188.3973388671875,1529.64599609375,1577.049072265625,1858.98291015625,1560.434814453125,1671.99658203125,1598.1800537109375,1071.8948974609377,1371.9500732421875,1633.094970703125,1789.971435546875,1736.92041015625,1787.72412109375,1338.6773681640625,1232.4058837890625,1763.9039306640625,1750.7347412109375,1082.300048828125,1811.6319580078125,1037.9495849609377,1288.51318359375,1959.1025390625,1997.9810791015625,1673.53515625,1378.9058837890625,552.5987548828125,1693.363037109375,1646.373046875,1502.76513671875,1941.8492431640625,1587.403076171875,2040.5284423828125,1733.9150390625,1567.3187255859375,1326.570068359375,1910.5057373046875,1364.09521484375,1543.7171630859375,1496.83203125,1967.29443359375,1698.112060546875,1261.1575927734375,1851.2392578125,1751.7222900390625,1466.8804931640625,1708.801513671875,1490.3375244140625,1826.7984619140625,1616.7940673828125,1706.0003662109375,1826.496826171875,1660.67138671875,1531.6539306640625,1569.130126953125,1617.45947265625
508.3692932128906,534.4971313476561,271.05581665039057,494.74639892578125,250.4390411376953,1390.6968994140625,1378.637939453125,913.9395751953124,1803.96728515625,343.9941101074219,1559.9716796875,1628.8629150390625,2433.767578125,2028.100341796875,1813.2076416015625,1430.2686767578125,630.1712646484375,1719.5380859375,1816.2947998046875,188.3737335205078,1747.5843505859375,1742.47509765625,335.8747253417969,304.25787353515625,1854.8533935546875,1627.9085693359375,1868.165283203125,1754.60302734375,1730.8154296875,1779.433837890625,1715.0452880859375,1160.0667724609375,1611.9471435546875,942.87255859375,1796.9378662109375,1738.0556640625,1126.9326171875,1745.1656494140625,1588.536865234375,1692.462158203125,1743.0888671875,1601.0140380859375,1948.808837890625,1943.8717041015625,1581.9139404296875,870.3734741210938,1670.571044921875,1906.459716796875,1779.3446044921875,1498.529052734375,1193.1031494140625,1537.00537109375,1561.2025146484375,1850.855224609375,1559.202392578125,1680.2470703125,1597.93603515625,1073.8511962890623,1377.7705078125,1634.8148193359375,1791.8316650390625,1750.9892578125,1788.3902587890625,1337.0277099609375,1236.8453369140625,1772.20458984375,1755.47900390625,1083.963134765625,1824.31787109375,1045.9046630859377,1271.162841796875,1950.885498046875,2003.54150390625,1667.4638671875,1393.3037109375,541.7680053710939,1703.8140869140625,1643.270751953125,1503.593994140625,1932.9564208984373,1591.530517578125,2032.4586181640625,1736.1153564453125,1561.5250244140625,1327.1322021484375,1925.497314453125,1361.294677734375,1537.6688232421875,1498.7718505859375,1973.8719482421875,1694.63525390625,1267.3948974609375,1847.4171142578125,1751.294189453125,1462.609130859375,1714.3701171875,1491.99169921875,1826.0648193359373,1610.871826171875,1710.2430419921875,1843.718505859375,1662.9591064453125,1536.1265869140625,1563.4864501953125,1628.3770751953125
512.1354370117189,529.7214965820311,265.80307006835943,492.1733093261719,248.66058349609372,1391.2974853515625,1382.1964111328125,921.124267578125,1796.96484375,340.4039001464844,1552.9820556640625,1631.9814453125,2425.74658203125,2024.3798828125,1813.996337890625,1421.4423828125,617.044677734375,1733.8818359375,1818.055908203125,188.73159790039062,1752.9808349609375,1749.430908203125,348.2984924316406,299.0433654785156,1870.712890625,1626.8677978515625,1864.5244140625,1751.264404296875,1728.7803955078125,1776.7340087890625,1739.4202880859375,1157.2757568359375,1612.6605224609375,926.2720336914062,1801.28515625,1737.0411376953125,1137.3284912109375,1742.933837890625,1586.891845703125,1691.1043701171875,1745.51318359375,1598.0751953125,1942.71875,1934.47021484375,1586.2254638671875,887.5556030273438,1654.9429931640625,1901.899658203125,1790.9273681640625,1494.02734375,1186.0269775390625,1523.117919921875,1565.072265625,1842.8251953125,1551.7127685546875,1669.950439453125,1594.9117431640625,1062.564697265625,1371.2747802734375,1632.5164794921875,1784.47509765625,1740.0838623046875,1779.562255859375,1342.4761962890625,1220.25537109375,1768.3668212890625,1752.36181640625,1079.35009765625,1822.47412109375,1045.9273681640623,1295.267333984375,1947.2469482421875,1991.2833251953125,1673.3851318359375,1388.86474609375,537.4722900390625,1695.57470703125,1635.6497802734375,1492.1292724609375,1926.234375,1593.9471435546875,2029.3431396484373,1738.10400390625,1559.9886474609375,1336.715087890625,1909.929931640625,1350.5784912109375,1545.093505859375,1489.748291015625,1954.5677490234373,1689.79736328125,1249.6181640625,1823.0960693359373,1744.6015625,1463.1800537109375,1701.2197265625,1473.317626953125,1821.82568359375,1614.4879150390625,1690.4146728515625,1838.30322265625,1649.90771484375,1532.9105224609375,1555.208251953125,1618.1636962890625
513.3587646484375,542.14453125,271.72573852539057,499.5874938964844,248.5574951171875,1402.45263671875,1373.986083984375,923.3352661132812,1810.036376953125,330.39874267578125,1558.023681640625,1650.16552734375,2420.212158203125,2040.55322265625,1802.203369140625,1420.8994140625,638.5604248046875,1728.5679931640625,1817.8792724609373,188.2088623046875,1762.6748046875,1754.3638916015625,348.2961730957031,295.085693359375,1876.374755859375,1621.377685546875,1893.5506591796875,1749.5360107421875,1737.8355712890625,1788.67041015625,1736.5802001953125,1154.7811279296875,1615.47216796875,944.8140258789062,1802.6124267578125,1729.9859619140625,1132.703369140625,1743.0111083984375,1580.155029296875,1684.0875244140625,1752.8218994140625,1598.5748291015625,1953.9837646484373,1940.1265869140625,1586.8046875,878.375732421875,1670.105712890625,1911.8350830078125,1779.2021484375,1496.6929931640625,1191.185791015625,1531.14599609375,1567.6202392578125,1860.2623291015625,1565.936767578125,1674.3447265625,1605.983642578125,1066.0474853515623,1365.1187744140625,1629.773681640625,1780.418212890625,1739.2545166015625,1790.22412109375,1346.1064453125,1238.7783203125,1770.874755859375,1760.35400390625,1080.1923828125,1828.850341796875,1038.8822021484377,1286.9652099609375,1973.4580078125,2024.6904296875,1659.173095703125,1386.4666748046875,549.4314575195311,1692.0394287109375,1643.9605712890625,1493.6676025390625,1939.745849609375,1583.2987060546875,2038.91943359375,1741.755126953125,1555.7340087890625,1337.4979248046875,1918.01171875,1365.64404296875,1537.434326171875,1496.026123046875,1982.2255859375,1701.36669921875,1261.887939453125,1848.42041015625,1758.0511474609375,1462.954345703125,1708.975830078125,1480.0216064453125,1826.79931640625,1612.3604736328125,1702.6136474609375,1840.4853515625,1668.9493408203125,1548.3173828125,1566.5135498046875,1624.1358642578125
517.1006469726561,538.489501953125,269.055419921875,495.1219787597656,253.1516265869141,1400.001220703125,1378.3299560546875,913.5574340820312,1803.5775146484373,331.8667297363281,1548.578857421875,1642.0599365234375,2424.107421875,2029.5093994140625,1810.7843017578125,1421.694091796875,627.3367309570312,1732.5906982421875,1815.4732666015625,197.2029571533203,1756.00146484375,1742.5888671875,345.140869140625,305.7080993652344,1869.1435546875,1624.3660888671875,1878.1556396484373,1751.916748046875,1733.7015380859375,1780.7987060546875,1734.5880126953125,1151.3880615234375,1617.5654296875,941.0576782226562,1806.5762939453125,1733.1722412109375,1115.7760009765623,1741.3455810546875,1585.611083984375,1689.7618408203125,1731.808349609375,1595.0511474609375,1949.5316162109373,1942.287841796875,1576.6737060546875,874.8720092773438,1670.8951416015625,1901.4605712890625,1784.581787109375,1494.5048828125,1188.67333984375,1539.8173828125,1564.795166015625,1865.4293212890625,1539.5400390625,1691.236572265625,1595.0216064453125,1055.0322265625,1368.3377685546875,1634.2030029296875,1786.6741943359375,1740.1568603515625,1793.351806640625,1337.26416015625,1229.3560791015625,1769.3822021484375,1753.5772705078125,1065.9000244140623,1828.745849609375,1047.6856689453123,1281.3746337890625,1952.7625732421875,2015.18701171875,1665.0008544921875,1372.4888916015625,542.360595703125,1704.570556640625,1636.0738525390625,1504.22607421875,1939.00146484375,1571.4588623046875,2039.8902587890625,1742.11328125,1567.1884765625,1340.812744140625,1915.1280517578125,1358.1439208984375,1536.0394287109375,1509.27880859375,1960.6112060546875,1698.3907470703125,1260.4844970703125,1857.179443359375,1756.2337646484375,1460.2742919921875,1703.24072265625,1494.8812255859375,1831.2275390625,1609.6787109375,1703.3294677734375,1832.719970703125,1668.3165283203125,1533.1151123046875,1554.8446044921875,1612.8021240234375
515.0681762695311,533.4298706054689,267.95321655273443,490.5406188964844,242.7373809814453,1405.788818359375,1383.0572509765625,905.673828125,1809.02197265625,343.7158508300781,1560.460693359375,1632.423095703125,2472.704833984375,2045.8861083984373,1810.8460693359373,1428.1595458984375,634.376220703125,1719.6375732421875,1822.534912109375,187.45860290527344,1761.6156005859375,1745.831787109375,337.4683837890625,291.14642333984375,1865.64697265625,1622.5677490234375,1871.84521484375,1766.2392578125,1733.8834228515625,1784.83447265625,1727.2587890625,1154.6322021484375,1602.0732421875,946.45947265625,1785.12255859375,1732.2781982421875,1111.66064453125,1742.5252685546875,1586.5751953125,1681.5382080078125,1740.8388671875,1593.1427001953125,1942.9302978515625,1939.54150390625,1581.10546875,875.84814453125,1667.1243896484375,1901.0501708984373,1780.0030517578125,1494.3858642578125,1187.6607666015625,1533.506591796875,1562.3096923828125,1849.2479248046875,1559.9326171875,1675.75048828125,1598.573974609375,1068.6456298828123,1371.8414306640625,1625.6917724609375,1787.903564453125,1742.0751953125,1790.4849853515625,1345.0399169921875,1242.7620849609375,1769.9293212890625,1760.4388427734375,1070.7281494140623,1823.26708984375,1044.390625,1280.1475830078125,1957.5211181640625,2020.2724609375,1656.625244140625,1390.3846435546875,545.7296752929689,1699.0771484375,1635.4949951171875,1497.658447265625,1930.8338623046875,1579.12353515625,2035.9005126953125,1741.7154541015625,1571.6337890625,1335.9371337890625,1917.4576416015625,1359.078125,1532.69189453125,1508.183349609375,1971.39306640625,1695.2020263671875,1253.427978515625,1848.587158203125,1767.072998046875,1468.957763671875,1702.8931884765625,1497.9481201171875,1826.25634765625,1615.2525634765625,1708.0740966796875,1845.8663330078125,1663.9171142578125,1541.98828125,1560.5849609375,1617.49267578125
521.4339599609375,539.294921875,261.62191772460943,503.0023498535156,242.9427947998047,1404.527587890625,1373.808837890625,910.8823852539062,1805.4849853515625,337.7525329589844,1541.1968994140625,1637.5357666015625,2468.619384765625,2036.994873046875,1804.0330810546875,1416.0101318359375,640.1387939453125,1724.2613525390625,1816.5684814453125,185.04046630859372,1752.1060791015625,1748.9967041015625,347.8667297363281,298.9449157714844,1868.0986328125,1620.6507568359375,1866.1448974609373,1751.0693359375,1739.7296142578125,1782.0906982421875,1726.4019775390625,1147.18798828125,1606.6070556640625,924.967529296875,1778.16162109375,1736.9486083984375,1102.4833984375,1729.7152099609375,1586.8492431640625,1678.827880859375,1740.0126953125,1592.78955078125,1937.003662109375,1934.1396484375,1580.23193359375,891.7330322265625,1667.9739990234375,1893.9276123046875,1760.7935791015625,1489.525146484375,1183.73291015625,1531.5623779296875,1566.7998046875,1843.99755859375,1560.37646484375,1668.8271484375,1591.012939453125,1061.62841796875,1369.7811279296875,1632.1748046875,1786.8887939453125,1731.3885498046875,1790.097900390625,1351.249267578125,1226.4913330078125,1766.6116943359375,1761.9378662109375,1066.5640869140623,1820.7586669921875,1039.4061279296877,1280.0543212890625,1959.45556640625,2019.6868896484373,1658.4447021484375,1378.5380859375,538.0485229492189,1692.5286865234375,1642.34326171875,1485.79931640625,1916.612060546875,1582.57373046875,2045.3466796875,1734.736572265625,1564.920654296875,1334.8505859375,1911.65625,1355.6722412109375,1523.589111328125,1499.2894287109375,1968.221435546875,1691.1376953125,1255.3948974609375,1845.0125732421875,1755.3319091796875,1462.3917236328125,1708.690673828125,1481.2034912109375,1821.6541748046875,1602.02783203125,1694.03564453125,1836.5450439453125,1663.3271484375,1537.5670166015625,1559.956298828125,1611.6966552734375
520.7348022460939,538.1185913085939,267.5609130859375,493.9916687011719,250.3231201171875,1401.5323486328125,1376.8953857421875,904.388671875,1806.3704833984373,332.33026123046875,1547.083984375,1630.1429443359375,2461.625,2030.08984375,1819.8741455078125,1416.4046630859375,631.91455078125,1727.58447265625,1817.9921875,188.8099670410156,1751.6424560546875,1745.451904296875,344.8487243652344,300.1468811035156,1863.828125,1617.785400390625,1859.731689453125,1753.460693359375,1735.6424560546875,1770.4951171875,1723.4998779296875,1146.202880859375,1606.521728515625,918.5714721679688,1791.7701416015625,1734.094970703125,1106.33984375,1726.4937744140625,1591.88232421875,1676.6492919921875,1736.0877685546875,1586.9881591796875,1935.41015625,1936.4749755859373,1588.21044921875,875.1017456054688,1660.4744873046875,1885.2325439453125,1757.7738037109375,1491.0029296875,1194.7174072265625,1529.96044921875,1564.0531005859375,1842.38916015625,1548.0667724609375,1663.0224609375,1597.2958984375,1068.7359619140623,1368.4007568359375,1630.2708740234375,1782.326904296875,1739.1390380859375,1787.38134765625,1332.637451171875,1230.59228515625,1762.9368896484375,1754.4420166015625,1074.343505859375,1820.191162109375,1037.8199462890623,1274.7244873046875,1946.0189208984373,1992.5360107421875,1660.114990234375,1362.6500244140625,543.2463989257811,1694.382080078125,1632.0045166015625,1493.44140625,1914.8297119140625,1581.084228515625,2036.499755859375,1738.7952880859375,1559.3067626953125,1322.9241943359375,1918.530029296875,1357.462158203125,1524.304443359375,1499.978515625,1975.784912109375,1700.693359375,1248.5255126953125,1839.187744140625,1744.0045166015625,1462.9647216796875,1707.26904296875,1479.728759765625,1832.4388427734373,1610.9376220703125,1711.95703125,1844.82958984375,1651.768310546875,1542.3956298828125,1563.2447509765625,1627.6326904296875
508.9993896484375,535.7859497070311,260.227783203125,500.11419677734375,239.69602966308597,1385.88037109375,1365.27880859375,916.0574340820312,1794.2950439453125,336.9045715332031,1533.6676025390625,1639.38330078125,2446.159912109375,2024.553466796875,1812.9876708984373,1415.0196533203125,630.8506469726562,1723.1754150390625,1817.427001953125,196.36813354492188,1750.8662109375,1752.9814453125,343.2283020019531,295.3538818359375,1866.7740478515625,1621.9449462890625,1867.058349609375,1747.5386962890625,1737.0789794921875,1777.3743896484375,1731.6868896484375,1153.3367919921875,1615.2518310546875,936.4424438476562,1781.97802734375,1730.8916015625,1126.18017578125,1726.9278564453125,1580.5152587890625,1680.1324462890625,1734.679443359375,1586.53515625,1938.7275390625,1939.93115234375,1585.1793212890625,882.2482299804688,1661.6988525390625,1890.73828125,1770.260498046875,1489.134765625,1187.28125,1528.5050048828125,1566.4427490234375,1854.22900390625,1537.6031494140625,1662.1953125,1597.923583984375,1072.9730224609377,1369.61376953125,1629.5838623046875,1781.8577880859375,1739.0458984375,1782.826171875,1331.6878662109375,1231.35205078125,1757.3990478515625,1760.604248046875,1057.0723876953123,1806.729248046875,1043.117431640625,1267.6337890625,1944.9708251953125,2010.0269775390625,1661.62646484375,1388.4815673828125,556.5487060546875,1693.117431640625,1646.78466796875,1497.31640625,1918.51318359375,1582.9307861328125,2038.3460693359373,1738.0093994140625,1571.489501953125,1331.60595703125,1915.1619873046875,1365.275146484375,1545.66162109375,1504.5673828125,1967.859130859375,1700.3365478515625,1257.8409423828125,1840.62646484375,1743.6514892578125,1461.9080810546875,1698.5145263671875,1494.6044921875,1823.6348876953125,1609.199462890625,1705.2828369140625,1841.4876708984373,1657.7574462890625,1534.483642578125,1557.95703125,1616.7532958984375
503.7702026367188,529.6014404296875,274.22000122070307,484.66796875,245.94749450683597,1378.54296875,1364.181884765625,905.0689697265624,1787.4652099609375,331.78302001953125,1531.45068359375,1632.6455078125,2439.94775390625,2019.3426513671875,1820.3525390625,1416.4920654296875,625.340087890625,1730.5,1817.664306640625,194.4516143798828,1749.8258056640625,1755.0230712890625,349.6890563964844,300.7857360839844,1862.2587890625,1618.944580078125,1859.5347900390625,1745.6812744140625,1743.274658203125,1771.4317626953125,1723.7308349609375,1139.734375,1615.0269775390625,927.0007934570312,1779.5830078125,1731.5633544921875,1126.56494140625,1723.6937255859375,1590.4312744140625,1677.138671875,1724.5263671875,1589.7012939453125,1934.9921875,1932.9248046875,1574.83203125,876.84619140625,1664.8558349609375,1889.0452880859373,1768.843505859375,1490.7447509765625,1187.490966796875,1518.1513671875,1568.2376708984375,1840.2984619140625,1541.8846435546875,1663.3094482421875,1595.9488525390625,1070.9710693359377,1364.8994140625,1638.8765869140625,1781.9444580078125,1732.373779296875,1791.2659912109375,1345.509033203125,1225.9755859375,1747.9044189453125,1754.3460693359375,1072.4866943359377,1814.034912109375,1043.5166015625,1278.6229248046875,1948.9735107421875,1999.1015625,1672.901123046875,1382.3555908203125,540.3591918945311,1694.27001953125,1647.0916748046875,1488.9744873046875,1923.4156494140625,1590.5360107421875,2039.0047607421875,1740.97265625,1558.5657958984375,1315.9061279296875,1912.813720703125,1364.0999755859375,1548.7896728515625,1493.7120361328125,1969.3564453125,1692.8809814453125,1242.4234619140625,1834.37890625,1750.7103271484375,1464.990234375,1693.4761962890625,1489.029052734375,1820.3067626953125,1603.2491455078125,1706.0841064453125,1832.3355712890625,1662.98876953125,1530.0406494140625,1555.8480224609375,1611.147705078125
523.40087890625,537.0813598632811,272.6087646484375,487.5454406738281,244.0678253173828,1389.75048828125,1379.2242431640625,907.39599609375,1807.7208251953125,336.887451171875,1534.5323486328125,1632.3160400390625,2478.593017578125,2034.157470703125,1809.848388671875,1421.0458984375,624.2927856445312,1729.74072265625,1820.331787109375,195.6457672119141,1756.0126953125,1751.3287353515625,345.371337890625,295.57794189453125,1870.2821044921875,1628.4725341796875,1859.75,1752.3330078125,1742.6331787109375,1778.7080078125,1722.986328125,1146.508056640625,1612.5706787109375,930.3587646484376,1774.23828125,1741.45556640625,1101.65576171875,1728.0439453125,1588.8935546875,1681.5133056640625,1723.3447265625,1591.6761474609375,1944.256591796875,1926.3441162109373,1579.2894287109375,882.436279296875,1666.4544677734375,1893.9000244140625,1771.7169189453125,1488.8978271484375,1191.9619140625,1525.992919921875,1564.4163818359375,1851.05078125,1543.2626953125,1677.888916015625,1604.404541015625,1066.8004150390623,1368.1441650390625,1642.8099365234375,1786.99462890625,1738.0667724609375,1791.6258544921875,1333.20263671875,1231.30029296875,1761.3538818359375,1757.7769775390625,1071.3785400390623,1815.3026123046875,1047.5089111328123,1278.4329833984375,1956.09228515625,2006.295654296875,1676.03515625,1384.6986083984375,544.88916015625,1700.5255126953125,1636.9007568359375,1493.64404296875,1934.7647705078125,1590.334228515625,2032.614501953125,1745.465087890625,1559.8619384765625,1315.704345703125,1909.6622314453125,1369.5372314453125,1537.0775146484375,1499.8297119140625,1962.54052734375,1697.0218505859375,1240.4063720703125,1842.1402587890625,1747.401123046875,1461.9320068359375,1703.6011962890625,1482.0640869140625,1821.4476318359373,1609.63232421875,1699.188720703125,1835.82177734375,1674.5826416015625,1536.4859619140625,1550.926025390625,1618.8773193359375
524.62939453125,536.4561157226561,278.2045288085937,495.056884765625,247.06092834472656,1385.27294921875,1383.0174560546875,923.4548950195312,1827.61572265625,342.583251953125,1549.8280029296875,1638.365478515625,2479.731201171875,2036.3468017578125,1827.9290771484373,1418.838623046875,637.99560546875,1728.2557373046875,1812.8616943359373,195.01600646972656,1764.1273193359375,1746.190185546875,338.934814453125,295.3118896484375,1873.467529296875,1625.7593994140625,1878.4488525390625,1767.07421875,1752.43505859375,1782.8453369140625,1732.3511962890625,1155.2054443359375,1609.76611328125,940.8634643554688,1786.15087890625,1743.765625,1110.7789306640623,1734.140380859375,1581.1533203125,1679.3519287109375,1724.452880859375,1592.60546875,1936.57177734375,1940.9708251953125,1580.85546875,886.781982421875,1665.7445068359375,1895.5302734375,1783.050537109375,1489.5869140625,1188.9342041015625,1518.21484375,1569.583984375,1858.9786376953125,1544.1905517578125,1671.1622314453125,1606.80615234375,1077.3701171875,1369.82568359375,1634.2916259765625,1791.9967041015625,1735.071044921875,1785.0062255859375,1345.0177001953125,1236.0985107421875,1749.7335205078125,1761.7861328125,1081.321044921875,1816.7659912109373,1039.7569580078123,1278.51123046875,1958.12744140625,1998.2376708984373,1669.8489990234375,1389.7911376953125,537.5139770507811,1707.2796630859375,1644.5323486328125,1498.4169921875,1936.71484375,1584.3375244140625,2039.5982666015625,1742.7301025390625,1548.784912109375,1334.6168212890625,1906.2752685546875,1371.3370361328125,1538.8280029296875,1497.5621337890625,1961.955810546875,1691.99560546875,1252.8502197265625,1854.151123046875,1753.0020751953125,1465.45068359375,1701.759033203125,1481.338623046875,1803.859130859375,1621.0794677734375,1693.5413818359375,1828.847900390625,1664.4501953125,1533.07958984375,1556.5142822265625,1610.4876708984375
521.3250732421875,536.7494506835939,271.92764282226557,494.2204895019531,240.0161590576172,1401.6434326171875,1395.3408203125,919.3624877929688,1832.0450439453125,342.112548828125,1561.829345703125,1642.04443359375,2462.14892578125,2039.9091796875,1830.7196044921875,1424.814208984375,635.7689819335938,1718.7392578125,1812.332275390625,194.09507751464844,1752.8154296875,1754.5218505859375,343.87603759765625,304.45001220703125,1862.5572509765625,1624.932373046875,1876.807373046875,1763.0460205078125,1739.1441650390625,1776.8870849609375,1733.546875,1155.9300537109375,1615.9468994140625,947.22802734375,1791.6490478515625,1730.4515380859375,1111.9134521484377,1731.2467041015625,1587.681396484375,1685.6048583984375,1740.1168212890625,1597.6865234375,1936.0875244140625,1943.6800537109373,1576.9263916015625,887.0620727539062,1661.8563232421875,1893.6387939453125,1776.1776123046875,1488.089111328125,1191.6881103515625,1532.392578125,1563.4979248046875,1857.3505859375,1554.459716796875,1653.575927734375,1595.571533203125,1064.3035888671877,1365.415283203125,1629.62255859375,1799.3421630859375,1737.54150390625,1784.1424560546875,1335.124267578125,1234.7222900390625,1759.691650390625,1756.4560546875,1086.9658203125,1809.2403564453125,1034.4228515625,1288.2265625,1973.3653564453125,1987.300537109375,1676.9951171875,1391.370361328125,539.06103515625,1718.9951171875,1652.1695556640625,1502.6773681640625,1938.1788330078125,1588.3341064453125,2028.8704833984373,1743.1558837890625,1556.7894287109375,1336.0986328125,1897.6790771484373,1381.330322265625,1535.6646728515625,1494.9866943359375,1956.3779296875,1688.84619140625,1260.7216796875,1850.609375,1761.7154541015625,1458.5882568359375,1703.028564453125,1486.3765869140625,1819.98046875,1615.7764892578125,1699.82958984375,1829.2437744140625,1668.8359375,1538.3455810546875,1559.5814208984375,1613.6900634765625
518.6447143554689,544.5930786132811,272.30636596679693,495.3763427734375,244.9846649169922,1403.9339599609375,1388.1944580078125,922.7107543945312,1814.7813720703125,341.5158996582031,1546.8209228515625,1637.5413818359375,2439.732421875,2037.516845703125,1832.22509765625,1417.125,641.4429321289062,1724.5308837890625,1818.8740234375,190.2065887451172,1764.4486083984375,1751.0047607421875,345.9385986328125,309.7359619140625,1860.4720458984373,1616.0634765625,1874.829345703125,1748.5645751953125,1752.91162109375,1788.48095703125,1731.8055419921875,1149.6455078125,1613.7554931640625,936.0543823242188,1796.8221435546875,1729.2259521484375,1115.0057373046877,1732.1265869140625,1583.1051025390625,1673.6207275390625,1733.1480712890625,1593.1827392578125,1936.8857421875,1932.9273681640625,1579.084228515625,876.8431396484375,1673.3187255859375,1905.0606689453125,1787.625,1491.8509521484375,1189.767578125,1521.5234375,1571.6658935546875,1863.94921875,1559.198486328125,1686.04052734375,1594.7147216796875,1065.6002197265623,1369.4779052734375,1638.0621337890625,1794.0799560546875,1729.844970703125,1796.2047119140625,1336.189208984375,1233.64990234375,1763.2401123046875,1756.5677490234375,1069.4541015625,1822.32958984375,1035.3101806640623,1281.639404296875,1969.3707275390625,2009.197998046875,1666.815673828125,1382.2491455078125,548.1118774414061,1690.6796875,1639.6199951171875,1498.247802734375,1938.5582275390625,1588.5303955078125,2046.7503662109373,1731.44140625,1551.6669921875,1328.618408203125,1910.489501953125,1377.6788330078125,1531.7242431640625,1487.8663330078125,1965.7103271484373,1687.052001953125,1250.4066162109375,1860.4072265625,1756.4248046875,1460.21142578125,1712.659912109375,1477.6871337890625,1821.032470703125,1600.4141845703125,1691.7340087890625,1837.0921630859373,1661.347900390625,1525.70068359375,1556.1851806640625,1611.7667236328125
506.1072692871094,534.2091674804689,264.174072265625,500.2073974609375,243.88487243652344,1397.0941162109375,1376.25439453125,914.6744384765624,1813.4820556640625,333.1613464355469,1535.6209716796875,1629.4923095703125,2439.23779296875,2039.82470703125,1797.9683837890625,1408.6083984375,632.3701782226562,1722.502197265625,1821.406494140625,184.3969268798828,1757.5374755859375,1746.7926025390625,336.50775146484375,302.1523742675781,1852.7230224609373,1625.6417236328125,1864.171630859375,1753.29833984375,1742.951904296875,1776.3624267578125,1732.4671630859375,1156.5877685546875,1613.6490478515625,922.5392456054688,1792.9140625,1724.3519287109375,1108.1002197265623,1728.0589599609375,1587.859619140625,1684.553955078125,1737.1688232421875,1586.1356201171875,1946.0203857421875,1942.2091064453125,1563.14794921875,882.612548828125,1661.5721435546875,1906.5435791015625,1779.5009765625,1489.913330078125,1196.4315185546875,1534.872314453125,1565.358154296875,1862.866943359375,1559.1097412109375,1678.950927734375,1591.757568359375,1064.0067138671877,1368.04150390625,1624.6328125,1772.906494140625,1740.8497314453125,1794.494873046875,1338.9039306640625,1229.74560546875,1772.38671875,1757.2376708984375,1071.5146484375,1831.566162109375,1036.5538330078123,1283.3927001953125,1947.40087890625,2005.960693359375,1669.4107666015625,1388.36181640625,531.1554565429689,1687.4329833984375,1639.2530517578125,1508.3724365234375,1919.31396484375,1588.630615234375,2035.6475830078125,1734.069091796875,1568.8753662109375,1319.061279296875,1909.8392333984373,1374.0452880859375,1534.30712890625,1501.3685302734375,1966.980712890625,1696.123779296875,1240.4342041015625,1848.3651123046875,1738.6187744140625,1470.415283203125,1700.0391845703125,1496.891357421875,1815.3363037109373,1604.5712890625,1697.3359375,1830.60009765625,1658.4486083984375,1522.8843994140625,1554.09326171875,1605.9969482421875
509.6212463378906,540.0851440429689,268.31887817382807,491.8563537597656,241.39810180664062,1406.403076171875,1377.248291015625,910.82373046875,1813.3935546875,339.74835205078125,1541.192626953125,1638.038818359375,2427.690673828125,2042.7508544921875,1816.9327392578125,1413.630615234375,631.4208374023438,1724.85546875,1818.27197265625,185.6497344970703,1757.8079833984375,1741.0006103515625,346.6033935546875,299.5091857910156,1853.6734619140625,1627.421875,1881.2269287109373,1748.0804443359375,1732.6409912109375,1777.2919921875,1735.382568359375,1155.7275390625,1612.2012939453125,928.940185546875,1796.843994140625,1733.6246337890625,1123.343017578125,1733.4017333984375,1580.78369140625,1687.261474609375,1741.3173828125,1590.2181396484375,1937.411376953125,1944.2320556640625,1574.1021728515625,879.2286987304688,1666.638671875,1904.359375,1770.1728515625,1497.3175048828125,1191.5418701171875,1534.3372802734375,1563.8277587890625,1867.3798828125,1565.32763671875,1667.6695556640625,1593.889404296875,1064.4991455078123,1370.4200439453125,1627.6474609375,1770.930908203125,1735.3160400390625,1791.2987060546875,1344.832275390625,1243.5111083984375,1780.5823974609375,1751.4498291015625,1080.2301025390623,1829.622314453125,1040.0616455078123,1283.5360107421875,1951.6517333984373,2005.59228515625,1660.728271484375,1381.1593017578125,537.353271484375,1682.2755126953125,1639.2587890625,1499.35400390625,1930.52880859375,1591.5396728515625,2034.928955078125,1735.8031005859375,1568.0810546875,1320.985107421875,1922.8883056640625,1365.18017578125,1540.9107666015625,1503.6361083984375,1972.0927734375,1690.4283447265625,1250.9197998046875,1852.5921630859373,1760.2313232421875,1457.5341796875,1693.4599609375,1490.7928466796875,1821.2626953125,1602.967041015625,1704.5343017578125,1836.6839599609373,1660.4190673828125,1521.668701171875,1558.5447998046875,1614.9647216796875
507.6938171386719,539.15966796875,269.86270141601557,490.7835693359375,250.7001953125,1402.456298828125,1368.199951171875,920.0822143554688,1803.65478515625,332.3885803222656,1543.9893798828125,1640.6474609375,2443.9560546875,2048.579833984375,1827.3343505859373,1418.6669921875,645.04052734375,1734.9066162109375,1820.837158203125,194.0317230224609,1760.927001953125,1743.4261474609375,344.374267578125,292.1093444824219,1846.8521728515625,1627.1807861328125,1881.628662109375,1746.74609375,1739.0966796875,1780.55712890625,1741.2623291015625,1157.6002197265625,1615.7894287109375,939.2144165039062,1788.4827880859375,1730.06494140625,1128.392333984375,1740.7374267578125,1583.95263671875,1678.0721435546875,1744.16259765625,1600.0352783203125,1950.6015625,1934.3148193359373,1592.983154296875,875.9821166992188,1673.4971923828125,1900.7529296875,1769.75927734375,1502.4105224609375,1193.6790771484375,1534.067626953125,1571.7347412109375,1861.1358642578125,1571.5107421875,1673.3831787109375,1604.8470458984375,1073.598876953125,1363.9619140625,1637.3729248046875,1784.221435546875,1732.5264892578125,1787.3955078125,1343.081787109375,1225.2659912109375,1777.3314208984375,1746.59619140625,1085.695556640625,1828.1011962890625,1044.6695556640623,1280.6888427734375,1945.9508056640625,2002.9600830078125,1660.8206787109375,1388.2584228515625,541.00634765625,1686.834716796875,1639.46533203125,1502.8638916015625,1930.445068359375,1590.417724609375,2042.0098876953125,1738.640869140625,1569.8643798828125,1322.4169921875,1916.8887939453125,1369.39404296875,1542.913330078125,1505.6566162109375,1974.5811767578125,1689.821533203125,1247.4559326171875,1841.618408203125,1747.0631103515625,1473.515625,1699.5347900390625,1491.257080078125,1824.835693359375,1607.330810546875,1711.0189208984375,1841.7379150390625,1663.337646484375,1529.445068359375,1558.0714111328125,1616.1522216796875
511.4725036621094,537.682861328125,273.0531005859375,493.87890625,249.0002593994141,1404.7967529296875,1376.0992431640625,921.7864990234376,1839.5589599609373,331.9247131347656,1551.3450927734375,1639.7066650390625,2435.00048828125,2052.5400390625,1837.8779296875,1434.95263671875,646.3096313476562,1729.2064208984375,1817.9176025390625,192.5992126464844,1757.5791015625,1754.5126953125,344.7848815917969,301.8204650878906,1844.7581787109373,1622.255615234375,1879.7779541015625,1751.635498046875,1743.72998046875,1778.9564208984375,1738.890625,1162.3956298828125,1617.7646484375,937.5510864257812,1791.156494140625,1735.76171875,1132.8985595703125,1741.3314208984375,1582.5703125,1684.947509765625,1759.93115234375,1597.494384765625,1953.9122314453125,1944.9459228515625,1593.5303955078125,880.8458251953125,1668.7183837890625,1912.0450439453125,1788.581787109375,1497.0234375,1193.9473876953125,1525.6160888671875,1565.569091796875,1860.2398681640625,1585.0047607421875,1675.3773193359375,1587.8765869140625,1063.2691650390623,1371.6416015625,1636.61474609375,1783.7857666015625,1736.1033935546875,1797.2900390625,1353.070068359375,1240.89453125,1790.2740478515625,1755.596435546875,1086.568115234375,1825.8304443359373,1052.1181640625,1280.4840087890625,1944.19287109375,2007.73291015625,1664.2908935546875,1393.56787109375,548.3700561523439,1695.9013671875,1639.8768310546875,1500.25927734375,1922.3170166015625,1584.95263671875,2032.8743896484373,1739.29931640625,1563.5523681640625,1326.2000732421875,1902.467529296875,1370.3812255859375,1561.3043212890625,1492.4434814453125,1970.7769775390625,1693.078125,1245.26123046875,1864.303466796875,1747.6097412109375,1462.9705810546875,1708.12646484375,1481.41015625,1816.304931640625,1610.7337646484375,1707.1744384765625,1829.936279296875,1677.6995849609375,1531.969482421875,1566.2535400390625,1616.68359375
513.6426391601561,548.1981811523439,270.6815185546875,512.0900268554689,247.22630310058597,1403.6109619140625,1380.1993408203125,938.38818359375,1839.0916748046875,333.31939697265625,1554.7041015625,1641.0830078125,2419.449462890625,2043.4150390625,1836.75390625,1423.4091796875,654.9761352539062,1734.522216796875,1810.9410400390625,194.09161376953125,1758.4210205078125,1754.42041015625,347.0869445800781,291.6749267578125,1852.5579833984373,1628.5938720703125,1864.623779296875,1753.7945556640625,1743.3419189453125,1774.3067626953125,1733.9390869140625,1155.6727294921875,1606.94970703125,926.2238159179688,1793.7242431640625,1739.0177001953125,1136.96826171875,1733.710693359375,1578.6767578125,1686.4190673828125,1752.79931640625,1603.9390869140625,1957.1304931640625,1945.9447021484373,1590.8792724609375,883.4642333984375,1664.055419921875,1923.1734619140625,1779.12744140625,1495.3956298828125,1188.9215087890625,1529.3765869140625,1561.734375,1870.9227294921875,1582.28173828125,1677.2318115234375,1598.2208251953125,1072.7147216796877,1365.526123046875,1634.7423095703125,1785.1710205078125,1739.989501953125,1792.77978515625,1353.909423828125,1239.9093017578125,1785.2261962890625,1754.03271484375,1093.2724609375,1839.226318359375,1055.2275390625,1283.7161865234375,1953.5726318359373,2003.8729248046875,1671.9705810546875,1387.1785888671875,545.5597534179689,1696.5166015625,1639.9345703125,1494.8397216796875,1924.152099609375,1590.6724853515625,2041.6580810546875,1742.8013916015625,1553.411376953125,1330.251708984375,1910.802001953125,1374.8564453125,1559.2099609375,1503.389892578125,1965.6983642578125,1694.50048828125,1258.69775390625,1852.3531494140625,1756.43505859375,1461.1234130859375,1720.358154296875,1486.8851318359375,1816.3624267578125,1616.1617431640625,1700.2178955078125,1830.640625,1667.8297119140625,1533.2901611328125,1555.5789794921875,1616.9931640625
507.5415344238281,536.50244140625,270.79666137695307,493.01068115234375,245.26986694335938,1397.1219482421875,1375.5498046875,923.3560791015624,1829.61328125,336.2024230957031,1552.481689453125,1629.2515869140625,2430.13916015625,2042.5478515625,1833.8262939453125,1421.697509765625,640.2705688476562,1721.31982421875,1825.76806640625,188.6989898681641,1753.9891357421875,1745.0999755859375,345.7466125488281,302.3692626953125,1848.1971435546875,1627.1097412109375,1866.5224609375,1759.7716064453125,1734.886474609375,1779.8597412109375,1737.3446044921875,1159.3553466796875,1604.64697265625,930.0006103515624,1789.3482666015625,1731.440185546875,1122.6072998046877,1744.051025390625,1579.7086181640625,1685.797607421875,1753.251220703125,1594.6513671875,1950.668212890625,1934.619873046875,1575.02490234375,884.53857421875,1668.2818603515625,1915.32275390625,1776.9210205078125,1491.9620361328125,1194.0838623046875,1529.2822265625,1567.48828125,1869.9534912109373,1574.6717529296875,1677.5675048828125,1586.3931884765625,1072.6041259765623,1369.841796875,1633.330810546875,1782.1241455078125,1738.283935546875,1794.9970703125,1348.93017578125,1248.82861328125,1791.5771484375,1747.45703125,1087.0548095703123,1830.7452392578125,1046.6231689453123,1282.8299560546875,1952.0244140625,2014.6361083984373,1662.56103515625,1391.9327392578125,542.0700073242189,1699.3582763671875,1639.38525390625,1501.9410400390625,1933.200439453125,1585.1138916015625,2032.4735107421875,1743.1253662109375,1556.6240234375,1332.186767578125,1924.911376953125,1365.7196044921875,1543.4288330078125,1504.8756103515625,1971.7261962890625,1698.1207275390625,1265.1285400390625,1852.684814453125,1751.0072021484375,1456.7701416015625,1702.31640625,1485.553955078125,1825.3690185546875,1604.415771484375,1696.0367431640625,1842.5765380859373,1662.0445556640625,1537.373779296875,1558.9598388671875,1619.069091796875
508.81353759765625,543.4204711914061,264.78936767578125,498.49603271484375,240.7615203857422,1395.286376953125,1381.5516357421875,912.3484497070312,1808.8170166015625,331.7452697753906,1543.0667724609375,1621.6859130859375,2425.567138671875,2025.5068359375,1825.5985107421875,1410.1376953125,631.4625854492188,1723.2249755859375,1810.0369873046875,194.09457397460938,1760.0567626953125,1751.511474609375,338.34686279296875,300.0296936035156,1859.4671630859373,1627.42919921875,1854.47802734375,1757.34130859375,1738.178466796875,1775.684814453125,1738.2769775390625,1156.2684326171875,1606.7474365234375,932.2723999023438,1786.95263671875,1733.5042724609375,1134.1832275390625,1737.9366455078125,1586.4566650390625,1684.4215087890625,1743.52490234375,1589.748779296875,1949.7391357421875,1938.7677001953125,1571.7476806640625,878.0907592773438,1675.5863037109375,1912.5550537109373,1779.662841796875,1493.6695556640625,1193.6993408203125,1531.544921875,1574.1929931640625,1861.343505859375,1565.8975830078125,1662.421630859375,1590.2083740234375,1067.4642333984377,1360.127685546875,1638.5433349609375,1779.718505859375,1734.44287109375,1793.7640380859375,1348.2757568359375,1237.719970703125,1774.9630126953125,1752.186279296875,1082.587890625,1826.331787109375,1041.6246337890623,1284.6888427734375,1945.4656982421875,1997.9639892578125,1668.322509765625,1378.5032958984375,543.5531616210939,1693.7403564453125,1650.8077392578125,1494.81103515625,1936.7181396484373,1587.403076171875,2030.1605224609373,1743.511962890625,1557.9971923828125,1331.8336181640625,1917.190185546875,1370.625244140625,1544.401611328125,1492.8472900390625,1971.63525390625,1701.50927734375,1252.690673828125,1851.2210693359373,1736.83349609375,1458.4715576171875,1704.3297119140625,1478.9761962890625,1819.7210693359373,1608.633544921875,1707.1060791015625,1833.271484375,1665.5548095703125,1529.04638671875,1556.4849853515625,1613.7076416015625
502.5000915527344,531.7110595703125,278.39456176757807,496.9706115722656,242.6809539794922,1396.789306640625,1385.034912109375,903.23681640625,1809.6025390625,335.1569519042969,1551.0855712890625,1617.895751953125,2431.62451171875,2026.010498046875,1813.2218017578125,1407.3726806640625,616.326904296875,1727.28369140625,1813.5631103515625,195.61016845703125,1753.04296875,1744.0826416015625,340.2183532714844,303.1912841796875,1869.8941650390625,1635.738525390625,1865.1494140625,1760.1943359375,1726.2469482421875,1772.22021484375,1726.3497314453125,1161.0958251953125,1603.46484375,940.9375,1802.8079833984373,1744.6280517578125,1134.459228515625,1741.2025146484375,1581.9205322265625,1684.1053466796875,1734.8612060546875,1605.8978271484375,1963.5020751953125,1950.5126953125,1590.6728515625,888.826904296875,1672.392578125,1920.804931640625,1791.033935546875,1502.2052001953125,1176.5169677734375,1533.8707275390625,1565.314697265625,1862.6343994140625,1571.5667724609375,1681.0380859375,1608.45556640625,1077.2396240234377,1369.896728515625,1627.7486572265625,1782.7685546875,1752.6109619140625,1793.5762939453125,1348.7291259765625,1231.805908203125,1779.07666015625,1756.38330078125,1084.3212890625,1832.418212890625,1058.18310546875,1280.395263671875,1945.14599609375,2015.2626953125,1670.74755859375,1393.42431640625,546.7086791992189,1699.328125,1642.0093994140625,1496.7098388671875,1935.35302734375,1586.1927490234375,2036.421875,1742.7452392578125,1565.334228515625,1334.785888671875,1910.309814453125,1358.2725830078125,1544.2257080078125,1493.989501953125,1973.76025390625,1699.489501953125,1257.28515625,1860.1812744140625,1735.47412109375,1466.5001220703125,1719.0750732421875,1491.28466796875,1827.6309814453125,1611.35302734375,1717.0830078125,1846.3367919921875,1657.6507568359375,1534.421630859375,1553.0889892578125,1612.067626953125
511.9416809082031,534.8014526367189,275.40097045898443,497.7373962402344,247.69937133789062,1405.513916015625,1377.2059326171875,918.4553833007812,1808.9822998046875,341.3304443359375,1546.4937744140625,1627.31103515625,2451.262451171875,2033.9814453125,1811.566162109375,1424.7783203125,636.2363891601562,1721.3052978515625,1807.5693359375,194.9240875244141,1751.6220703125,1749.276123046875,334.8440246582031,300.542236328125,1871.47509765625,1621.9322509765625,1865.3497314453125,1764.5264892578125,1744.38916015625,1773.8609619140625,1731.1541748046875,1149.4759521484375,1609.3270263671875,931.5994873046876,1812.73681640625,1734.9853515625,1121.8970947265623,1747.61083984375,1585.6378173828125,1680.6689453125,1742.3251953125,1605.1143798828125,1951.011474609375,1941.6917724609373,1597.030517578125,881.1541137695312,1672.2896728515625,1913.49853515625,1792.1092529296875,1501.7672119140625,1194.8583984375,1534.98291015625,1567.464111328125,1861.593994140625,1565.4835205078125,1681.8082275390625,1606.3919677734375,1073.64990234375,1369.90478515625,1635.0487060546875,1799.3663330078125,1735.72265625,1795.071533203125,1366.5321044921875,1228.893798828125,1770.315185546875,1752.17724609375,1077.66943359375,1823.6453857421875,1049.116455078125,1275.857421875,1966.3148193359373,2004.7034912109373,1670.3424072265625,1381.0069580078125,542.1477661132811,1715.64453125,1643.257568359375,1497.093994140625,1929.7259521484373,1583.3330078125,2040.586181640625,1739.5748291015625,1573.5067138671875,1338.1776123046875,1903.84765625,1356.8272705078125,1536.762939453125,1505.6002197265625,1963.979248046875,1693.7535400390625,1255.959228515625,1860.2890625,1744.5003662109375,1460.7752685546875,1710.800537109375,1491.16162109375,1822.1046142578125,1618.4957275390625,1703.432861328125,1835.2125244140625,1659.5242919921875,1531.6134033203125,1557.9312744140625,1619.3172607421875
509.5602416992188,535.6610107421875,263.3134765625,491.67877197265625,251.6106109619141,1408.500244140625,1379.9532470703125,908.2181396484376,1820.3125,332.072998046875,1550.4556884765625,1632.3427734375,2476.197265625,2049.754638671875,1819.88134765625,1429.02734375,629.718505859375,1723.6279296875,1818.2947998046875,192.72625732421875,1753.7216796875,1760.5355224609375,349.4568786621094,294.70831298828125,1871.2293701171875,1628.922119140625,1892.824462890625,1757.5765380859375,1737.8421630859375,1785.5693359375,1727.7808837890625,1147.7225341796875,1610.7568359375,937.5258178710938,1801.78271484375,1730.154052734375,1111.3544921875,1742.8250732421875,1582.651611328125,1686.0328369140625,1750.777587890625,1606.4085693359375,1940.1253662109373,1934.1566162109373,1599.17041015625,885.356689453125,1670.296630859375,1907.9134521484373,1772.5543212890625,1496.721923828125,1185.00390625,1542.3709716796875,1567.8056640625,1838.8994140625,1548.995361328125,1682.5777587890625,1603.1602783203125,1067.556640625,1372.62353515625,1632.8927001953125,1801.212158203125,1745.4356689453125,1793.7698974609375,1349.1763916015625,1233.037109375,1765.6893310546875,1755.358154296875,1089.4254150390623,1827.972900390625,1040.717041015625,1286.3304443359375,1971.1002197265625,1995.72119140625,1653.43310546875,1388.919677734375,538.3259887695311,1710.111572265625,1638.5379638671875,1485.1441650390625,1938.034912109375,1587.5985107421875,2030.9044189453125,1746.4954833984375,1577.0439453125,1335.1766357421875,1915.7283935546875,1373.2333984375,1519.4617919921875,1501.4215087890625,1968.0126953125,1693.34326171875,1254.4061279296875,1855.5174560546875,1760.7569580078125,1465.488525390625,1700.9715576171875,1504.7490234375,1830.8642578125,1613.1898193359375,1716.1171875,1844.2718505859373,1654.3121337890625,1546.157958984375,1563.1611328125,1620.454345703125
512.7079467773439,538.6997680664061,270.4080810546875,495.72076416015625,246.8158416748047,1398.7880859375,1381.01708984375,930.63134765625,1813.0982666015625,329.0873107910156,1546.7392578125,1633.11181640625,2463.085205078125,2039.7802734375,1814.687255859375,1430.715087890625,626.3731689453125,1732.7843017578125,1811.2725830078125,197.54856872558597,1755.8779296875,1771.1181640625,343.0405578613281,299.8183288574219,1869.1893310546875,1627.269287109375,1883.2515869140625,1759.165283203125,1742.2886962890625,1784.4208984375,1738.3740234375,1159.9039306640625,1616.2232666015625,947.216064453125,1798.6546630859375,1742.5015869140625,1120.190185546875,1746.94775390625,1581.8212890625,1690.716552734375,1748.8341064453125,1598.2464599609375,1946.5927734375,1933.856689453125,1592.4410400390625,875.8876342773438,1666.8406982421875,1905.1312255859373,1778.0543212890625,1497.1878662109375,1195.5054931640625,1546.64404296875,1562.1143798828125,1852.2650146484373,1559.2095947265625,1679.5150146484375,1600.287841796875,1057.2855224609377,1370.3583984375,1629.7503662109375,1801.25537109375,1743.5069580078125,1795.5093994140625,1341.414794921875,1234.1385498046875,1770.0933837890625,1750.3258056640625,1086.0218505859377,1835.4825439453125,1042.06005859375,1296.7052001953125,1966.9549560546875,2008.773681640625,1662.130126953125,1389.712646484375,544.30712890625,1702.48583984375,1631.4586181640625,1483.21923828125,1950.61181640625,1590.3974609375,2042.157470703125,1747.40869140625,1558.97314453125,1331.2017822265625,1915.0032958984373,1371.4530029296875,1527.6356201171875,1500.5228271484375,1963.390869140625,1694.4781494140625,1249.8021240234375,1850.3472900390625,1760.1319580078125,1462.6917724609375,1704.0643310546875,1479.874755859375,1826.6427001953125,1619.394287109375,1695.9700927734375,1839.2178955078125,1669.4366455078125,1535.0115966796875,1557.3367919921875,1618.05859375
507.9410705566406,534.325439453125,272.34170532226557,490.9947509765625,251.0598297119141,1398.9210205078125,1377.9176025390625,918.5888061523438,1830.5859375,326.66448974609375,1553.6817626953125,1630.915771484375,2456.244140625,2046.1441650390625,1824.859619140625,1424.576416015625,628.4692993164062,1726.9381103515625,1818.25,193.61700439453125,1758.24755859375,1764.11328125,342.24554443359375,296.67474365234375,1876.7164306640625,1632.45849609375,1876.9326171875,1763.665283203125,1739.7965087890625,1773.6766357421875,1731.8125,1154.20849609375,1610.5419921875,939.8598022460938,1807.5382080078125,1729.603515625,1139.195556640625,1748.5946044921875,1587.9027099609375,1687.25830078125,1742.86962890625,1598.608642578125,1946.4146728515625,1946.4407958984373,1599.6602783203125,873.8944091796875,1664.2884521484375,1902.743408203125,1766.5225830078125,1488.728515625,1192.3441162109375,1536.1533203125,1564.7833251953125,1857.641845703125,1555.0596923828125,1678.9124755859375,1588.37109375,1064.1038818359377,1367.0714111328125,1632.947021484375,1801.563720703125,1737.6959228515625,1783.0543212890625,1345.5611572265625,1232.427001953125,1769.2308349609375,1758.6387939453125,1081.0045166015623,1830.7547607421875,1056.802734375,1278.6915283203125,1950.7620849609373,2001.6416015625,1665.13427734375,1380.6610107421875,530.6491088867189,1707.74560546875,1638.5498046875,1502.3310546875,1945.6265869140625,1593.79296875,2028.77978515625,1748.8065185546875,1559.982666015625,1331.7911376953125,1913.33056640625,1371.5478515625,1540.7490234375,1493.7796630859375,1975.843994140625,1700.14990234375,1264.602294921875,1845.9161376953125,1749.6773681640625,1463.653564453125,1697.1461181640625,1479.705322265625,1822.8265380859373,1617.5242919921875,1702.120849609375,1840.9197998046875,1666.5361328125,1527.6663818359375,1563.7938232421875,1619.3243408203125
512.470458984375,547.60107421875,277.57061767578125,491.2508850097656,249.4971008300781,1407.843994140625,1386.2808837890625,924.0982055664062,1827.3511962890625,337.2442626953125,1560.20703125,1638.2288818359375,2448.161376953125,2043.57666015625,1832.248779296875,1425.1246337890625,627.0418090820312,1728.93115234375,1806.519775390625,188.79266357421875,1752.2662353515625,1760.1708984375,352.17584228515625,294.11346435546875,1883.3612060546875,1626.402099609375,1870.6705322265625,1765.4254150390625,1737.4471435546875,1775.1611328125,1734.7911376953125,1157.8094482421875,1616.899169921875,944.364501953125,1800.218994140625,1740.11181640625,1149.8526611328125,1755.7152099609375,1588.090087890625,1689.334716796875,1742.9835205078125,1604.814208984375,1964.1436767578125,1938.8077392578125,1590.70849609375,874.7340698242188,1662.6802978515625,1921.1202392578125,1791.1304931640625,1494.185302734375,1184.01806640625,1525.32421875,1565.8304443359375,1865.093505859375,1567.7342529296875,1677.2685546875,1597.723876953125,1072.8905029296877,1368.10791015625,1630.5291748046875,1792.5328369140625,1750.2777099609375,1790.0252685546875,1354.375732421875,1233.80029296875,1776.0015869140625,1764.240966796875,1083.5439453125,1838.75927734375,1050.672607421875,1282.114013671875,1958.5020751953125,2004.69677734375,1665.09716796875,1386.4061279296875,545.6513061523439,1701.0570068359375,1638.2369384765625,1505.3590087890625,1937.8443603515625,1591.4322509765625,2037.2100830078125,1741.1376953125,1570.0975341796875,1324.3819580078125,1913.35009765625,1367.5111083984375,1548.5,1506.28125,1976.34130859375,1696.418701171875,1243.49609375,1849.11572265625,1746.0096435546875,1466.824951171875,1711.3116455078125,1486.8487548828125,1821.90771484375,1607.9810791015625,1708.1148681640625,1836.75634765625,1678.2386474609375,1522.4996337890625,1553.939697265625,1622.9796142578125
512.4533081054689,526.832275390625,268.77886962890625,485.957275390625,255.7108612060547,1402.7940673828125,1382.9617919921875,913.2635498046876,1814.599365234375,338.9286193847656,1556.0655517578125,1640.1846923828125,2442.592041015625,2041.9820556640625,1812.5047607421875,1427.890869140625,618.902587890625,1729.706298828125,1818.77099609375,191.7542724609375,1743.7103271484375,1763.2034912109375,346.0684509277344,307.88946533203125,1882.1683349609373,1637.697021484375,1878.347412109375,1752.8677978515625,1736.1175537109375,1768.5177001953125,1725.5150146484375,1155.0654296875,1614.9912109375,928.6306762695312,1792.9991455078125,1736.1195068359375,1124.8446044921877,1754.5296630859375,1583.0225830078125,1682.45361328125,1749.772216796875,1602.292724609375,1951.9091796875,1936.6141357421875,1596.791748046875,875.093017578125,1668.3104248046875,1912.8782958984373,1776.5616455078125,1494.8323974609375,1189.5877685546875,1539.2415771484375,1566.0980224609375,1860.6141357421875,1571.6175537109375,1683.3262939453125,1601.3271484375,1065.20947265625,1370.9698486328125,1626.4263916015625,1795.6112060546875,1746.1309814453125,1791.9765625,1353.7802734375,1234.261962890625,1787.3162841796875,1754.7686767578125,1090.5870361328123,1829.823974609375,1051.6767578125,1278.0120849609375,1959.09130859375,2002.1370849609373,1666.50927734375,1393.2320556640625,545.1476440429689,1708.5821533203125,1633.5584716796875,1503.339111328125,1938.457275390625,1582.2646484375,2031.0030517578125,1746.9901123046875,1561.0252685546875,1338.27783203125,1898.7781982421875,1361.3485107421875,1528.2576904296875,1509.4439697265625,1955.7274169921875,1697.8758544921875,1265.8251953125,1843.692626953125,1740.6624755859375,1464.509033203125,1709.4246826171875,1497.936767578125,1826.123779296875,1609.00634765625,1703.296142578125,1835.13037109375,1649.3316650390625,1533.3582763671875,1554.6702880859375,1615.7620849609375
517.7648315429689,535.8108520507811,272.96353149414057,492.67022705078125,247.27557373046875,1393.217529296875,1380.2373046875,916.4520874023438,1817.5057373046875,338.4552307128906,1548.9058837890625,1632.2896728515625,2441.13720703125,2027.2794189453125,1821.5634765625,1415.6668701171875,632.48583984375,1716.802001953125,1812.316650390625,193.92303466796875,1755.3834228515625,1763.0758056640625,348.4693298339844,298.4009704589844,1883.0546875,1632.8270263671875,1885.8505859375,1757.821533203125,1738.4351806640625,1781.4354248046875,1729.540283203125,1159.80224609375,1615.0576171875,936.7202758789062,1801.2060546875,1738.823974609375,1120.1181640625,1747.9813232421875,1580.9840087890625,1688.237060546875,1748.4642333984375,1597.0899658203125,1950.73828125,1945.382568359375,1588.2489013671875,882.844482421875,1667.228759765625,1909.1265869140625,1782.13916015625,1499.669921875,1194.9366455078125,1530.1988525390625,1559.159912109375,1855.9266357421875,1569.420654296875,1681.8499755859375,1592.5816650390625,1059.7867431640623,1374.101806640625,1628.3121337890625,1802.3131103515625,1737.8155517578125,1798.5478515625,1354.826416015625,1231.5467529296875,1776.0855712890625,1755.506591796875,1078.500244140625,1836.253662109375,1039.221435546875,1282.30078125,1964.6619873046875,2017.17578125,1667.2750244140625,1385.47021484375,547.3381958007811,1692.9239501953125,1641.8643798828125,1503.6868896484375,1941.453125,1584.855712890625,2031.3316650390625,1753.4404296875,1570.216552734375,1336.7484130859375,1915.6611328125,1376.7659912109375,1533.0274658203125,1518.4827880859375,1966.559814453125,1702.806396484375,1257.46875,1838.2171630859373,1765.44775390625,1456.0169677734375,1721.4248046875,1495.927001953125,1826.62890625,1611.898681640625,1696.1895751953125,1837.02978515625,1665.2978515625,1532.273193359375,1561.8724365234375,1615.696044921875
521.4992065429689,531.4661254882811,269.69638061523443,495.7269592285156,250.65280151367188,1392.0081787109375,1379.3214111328125,917.5310668945312,1805.613037109375,345.717529296875,1537.8714599609375,1647.4346923828125,2449.286865234375,2035.3184814453125,1825.179931640625,1424.66455078125,631.31005859375,1732.3353271484375,1809.8665771484373,192.4198760986328,1759.504150390625,1751.4105224609375,351.2164306640625,300.0982971191406,1881.6397705078125,1620.396484375,1890.836181640625,1756.5374755859375,1732.25634765625,1781.988037109375,1726.0552978515625,1147.8892822265625,1611.6488037109375,930.298828125,1793.7490234375,1731.7908935546875,1119.4443359375,1728.3720703125,1584.0870361328125,1675.5460205078125,1737.2691650390625,1591.8369140625,1943.8818359375,1937.4591064453125,1595.10791015625,869.0575561523438,1663.2410888671875,1891.9576416015625,1769.46337890625,1495.6893310546875,1181.1761474609375,1531.46630859375,1560.9384765625,1844.17724609375,1552.6268310546875,1668.9652099609375,1606.5888671875,1057.9075927734377,1367.260986328125,1628.383056640625,1805.8470458984373,1740.831787109375,1791.1187744140625,1354.696044921875,1218.843994140625,1773.0631103515625,1758.409912109375,1078.1138916015623,1841.9683837890625,1050.1226806640623,1286.3099365234375,1969.1370849609373,2006.9202880859373,1661.055908203125,1382.658447265625,543.6697387695311,1706.5692138671875,1640.8077392578125,1489.2396240234375,1940.1676025390625,1584.0244140625,2035.361083984375,1742.108154296875,1566.9383544921875,1323.576904296875,1913.6859130859373,1368.4281005859375,1522.41845703125,1502.2841796875,1961.409912109375,1693.6651611328125,1259.6114501953125,1844.2716064453125,1769.054931640625,1473.892822265625,1707.6396484375,1488.10693359375,1823.89697265625,1615.3687744140625,1693.9085693359375,1840.88427734375,1653.4998779296875,1539.55810546875,1557.8421630859375,1611.5595703125
521.4086303710939,530.9878540039061,266.83660888671875,491.353515625,244.30584716796875,1395.7593994140625,1376.705078125,915.9798583984376,1818.2847900390625,337.60125732421875,1541.3714599609375,1631.9788818359375,2474.413330078125,2034.0811767578125,1832.1246337890625,1428.3521728515625,639.5477905273438,1724.033447265625,1813.0531005859373,196.2418975830078,1754.41943359375,1757.8643798828125,349.064697265625,297.5395202636719,1886.1959228515625,1612.3853759765625,1890.5224609375,1761.9781494140625,1737.5994873046875,1784.0843505859375,1735.5765380859375,1144.442626953125,1609.6236572265625,939.01806640625,1802.26025390625,1746.7325439453125,1121.30908203125,1745.237060546875,1585.3846435546875,1691.391845703125,1730.2109375,1596.799560546875,1953.2318115234373,1948.2099609375,1594.046875,887.8841552734375,1667.0989990234375,1907.785400390625,1781.9794921875,1510.0662841796875,1190.34228515625,1529.4918212890625,1559.5406494140625,1840.2154541015625,1551.513916015625,1672.0003662109375,1613.0753173828125,1065.186279296875,1372.6124267578125,1639.0057373046875,1808.340087890625,1740.5257568359375,1785.941162109375,1349.8427734375,1236.3406982421875,1774.4189453125,1763.6312255859375,1081.4324951171877,1833.695068359375,1049.6141357421877,1289.390625,1954.3572998046875,1993.4613037109373,1672.8533935546875,1380.69384765625,547.56201171875,1707.4945068359375,1641.5875244140625,1490.811767578125,1939.88037109375,1589.8203125,2037.4761962890625,1734.68603515625,1568.52490234375,1323.098876953125,1915.31494140625,1369.1910400390625,1538.0625,1509.1021728515625,1966.5015869140625,1698.3193359375,1247.7091064453125,1841.2130126953125,1760.042724609375,1463.1395263671875,1707.843505859375,1488.4769287109375,1822.445556640625,1613.9766845703125,1718.0191650390625,1829.7391357421875,1673.808349609375,1533.8988037109375,1557.043701171875,1613.271240234375
516.58935546875,530.8596801757811,265.92782592773443,489.0504150390625,250.49403381347656,1392.366943359375,1378.19677734375,918.10400390625,1817.7607421875,336.5240783691406,1552.09716796875,1639.90234375,2475.070556640625,2039.347412109375,1822.656005859375,1425.9227294921875,632.1011352539062,1737.52099609375,1810.87109375,187.6123809814453,1749.136474609375,1758.2574462890625,346.7610168457031,296.7185363769531,1890.91552734375,1623.429443359375,1872.36767578125,1768.90234375,1739.8428955078125,1771.4891357421875,1728.3055419921875,1148.4267578125,1608.10400390625,932.2611083984376,1798.4827880859375,1739.0347900390625,1118.088623046875,1748.562255859375,1588.5455322265625,1696.5650634765625,1747.2218017578125,1609.0181884765625,1947.5264892578125,1944.6331787109373,1609.12158203125,880.9768676757812,1666.29833984375,1901.7587890625,1776.6309814453125,1493.275634765625,1188.56005859375,1529.5548095703125,1554.0872802734375,1850.4058837890625,1554.3565673828125,1671.1669921875,1600.63720703125,1054.9620361328123,1365.6702880859375,1639.0775146484375,1793.276611328125,1743.811279296875,1787.7711181640625,1353.9476318359375,1223.679443359375,1763.6441650390625,1765.9119873046875,1076.819091796875,1815.173828125,1050.2535400390623,1291.8597412109375,1955.22119140625,1996.3587646484373,1669.060791015625,1375.9423828125,545.46826171875,1705.7666015625,1637.4764404296875,1490.2047119140625,1921.14306640625,1589.227294921875,2035.980712890625,1743.4873046875,1554.865234375,1330.6844482421875,1907.4161376953125,1359.4267578125,1547.3310546875,1493.4339599609375,1957.16015625,1680.3951416015625,1256.8228759765625,1833.7777099609373,1745.861572265625,1468.6279296875,1696.7861328125,1480.8944091796875,1826.6884765625,1612.6494140625,1690.452880859375,1834.4774169921875,1661.7445068359375,1536.2734375,1561.383056640625,1618.1241455078125
511.0099182128906,531.494384765625,270.96612548828125,489.0066223144531,247.8923492431641,1397.69677734375,1373.0076904296875,907.9273071289062,1805.5068359375,335.704345703125,1552.1226806640625,1632.2264404296875,2472.09326171875,2036.3480224609373,1825.02880859375,1428.748291015625,629.7139282226562,1726.354248046875,1816.2349853515625,191.40663146972656,1748.4261474609375,1763.75634765625,338.982421875,302.49676513671875,1877.7027587890625,1622.398193359375,1872.6435546875,1756.0853271484375,1742.949462890625,1782.36083984375,1725.197509765625,1147.7471923828125,1613.548828125,936.6362915039062,1790.447998046875,1739.2445068359375,1115.4002685546877,1749.381591796875,1590.4248046875,1688.9234619140625,1750.558349609375,1600.1376953125,1939.527099609375,1939.9320068359373,1595.6962890625,881.5310668945312,1667.4027099609375,1890.3602294921875,1767.8861083984375,1493.362060546875,1190.5892333984375,1536.3004150390625,1565.760986328125,1845.680908203125,1546.53759765625,1680.03564453125,1606.0,1063.2274169921877,1368.7998046875,1626.42578125,1787.8797607421875,1735.581787109375,1798.326904296875,1344.4371337890625,1238.33984375,1770.8665771484375,1757.2744140625,1070.2740478515623,1822.9228515625,1038.842529296875,1281.555908203125,1953.9066162109373,2015.134033203125,1664.11376953125,1387.3687744140625,541.1133422851561,1697.2978515625,1641.94775390625,1496.03076171875,1940.56103515625,1581.9652099609375,2038.5035400390625,1750.9000244140625,1546.941162109375,1340.366455078125,1916.832275390625,1365.46142578125,1529.681884765625,1486.0111083984375,1972.2442626953125,1699.8035888671875,1260.630126953125,1843.9783935546875,1752.1181640625,1455.0540771484375,1700.6336669921875,1468.5809326171875,1838.5462646484373,1605.8544921875,1693.7574462890625,1844.27001953125,1647.35595703125,1538.0244140625,1572.404296875,1623.6412353515625
503.9248046875,526.9548950195311,268.9105224609375,496.2722473144531,242.87767028808597,1386.6304931640625,1370.455078125,896.4437866210938,1797.332275390625,337.7990417480469,1537.3623046875,1629.7581787109375,2432.419677734375,2013.5172119140625,1820.8145751953125,1413.93798828125,622.5563354492188,1728.07275390625,1811.2647705078125,191.41270446777344,1752.10791015625,1757.4840087890625,349.0600891113281,296.5506591796875,1871.32177734375,1618.6513671875,1867.5826416015625,1759.7730712890625,1731.3968505859375,1776.2718505859375,1734.1436767578125,1149.7379150390625,1605.4378662109375,931.5061645507812,1792.1947021484375,1734.1448974609375,1117.8843994140623,1742.671875,1584.1846923828125,1684.9334716796875,1746.350341796875,1598.873779296875,1951.6553955078125,1939.879150390625,1586.1519775390625,862.5814208984375,1672.359130859375,1902.41943359375,1769.8746337890625,1494.833251953125,1186.214111328125,1531.7021484375,1572.6123046875,1859.5439453125,1554.680419921875,1675.08935546875,1602.0333251953125,1072.329345703125,1376.2218017578125,1631.567138671875,1775.0760498046875,1745.1097412109375,1791.8167724609375,1367.5888671875,1232.6458740234375,1765.3843994140625,1755.0733642578125,1084.5478515625,1832.4630126953125,1041.673583984375,1277.6036376953125,1955.4072265625,2011.195556640625,1652.6102294921875,1387.50048828125,541.1911010742189,1691.2301025390625,1649.5784912109375,1498.0172119140625,1938.774658203125,1578.0567626953125,2049.084716796875,1744.77099609375,1553.8741455078125,1327.41845703125,1908.8262939453125,1369.3143310546875,1527.3389892578125,1500.04736328125,1966.6634521484373,1695.032470703125,1254.4827880859375,1849.1129150390625,1747.8507080078125,1470.7554931640625,1710.183837890625,1491.652099609375,1826.1103515625,1616.4664306640625,1701.584228515625,1835.386962890625,1649.89111328125,1532.3231201171875,1559.65673828125,1620.59619140625
507.4815979003906,533.3267211914061,262.6908569335937,496.7368469238281,245.1356201171875,1394.251220703125,1372.750732421875,906.8234252929688,1796.7109375,336.8394470214844,1543.174560546875,1625.5743408203125,2441.34521484375,2023.1279296875,1809.0543212890625,1410.7576904296875,624.3339233398438,1731.5721435546875,1804.1766357421875,200.6473846435547,1750.7559814453125,1748.136474609375,341.6220703125,301.5746765136719,1863.3494873046875,1626.205810546875,1855.501220703125,1750.5921630859375,1729.6851806640625,1772.8753662109375,1721.0753173828125,1157.8404541015625,1612.2218017578125,935.2996215820312,1790.91552734375,1740.6204833984375,1132.3089599609375,1741.0721435546875,1583.4454345703125,1686.4659423828125,1736.3515625,1597.9447021484375,1949.18115234375,1931.4892578125,1578.01318359375,871.2540283203125,1668.427734375,1909.729248046875,1782.71337890625,1491.137939453125,1190.8270263671875,1521.6776123046875,1570.138427734375,1856.3614501953125,1560.966796875,1673.734130859375,1599.0364990234375,1068.409912109375,1365.7681884765625,1634.1890869140625,1768.8179931640625,1739.28662109375,1785.71875,1355.1219482421875,1236.2440185546875,1764.6650390625,1756.506591796875,1079.487060546875,1838.0020751953125,1034.3084716796877,1273.79833984375,1948.6424560546875,2002.090087890625,1668.4332275390625,1398.85595703125,551.5819702148439,1690.667724609375,1639.485107421875,1495.3858642578125,1937.4288330078125,1582.8082275390625,2027.5748291015625,1733.665283203125,1551.57080078125,1331.4385986328125,1919.6910400390625,1363.5330810546875,1550.3961181640625,1492.134765625,1954.60400390625,1693.1370849609375,1262.1568603515625,1835.3143310546875,1740.4158935546875,1458.9365234375,1687.5067138671875,1479.664794921875,1821.4852294921875,1599.6907958984375,1702.88623046875,1830.3016357421875,1675.501220703125,1527.87939453125,1561.2890625,1604.8568115234375
511.16900634765625,533.36376953125,267.32916259765625,501.512451171875,250.27294921875,1394.656005859375,1379.3414306640625,908.3884887695312,1813.4365234375,334.79388427734375,1547.88134765625,1629.6502685546875,2439.982177734375,2030.5135498046875,1817.4906005859373,1411.3375244140625,638.9055786132812,1721.3521728515625,1804.9921875,193.3568115234375,1749.3416748046875,1746.002685546875,338.5741271972656,286.5285949707031,1857.21630859375,1624.0111083984375,1857.1572265625,1760.971435546875,1742.1195068359375,1784.3389892578125,1723.79541015625,1152.2559814453125,1611.8216552734375,929.760498046875,1791.6722412109375,1728.28515625,1129.6763916015625,1728.71875,1586.258544921875,1683.39599609375,1743.441162109375,1599.36572265625,1952.4359130859373,1941.128662109375,1584.1328125,873.8079833984375,1675.1202392578125,1910.3004150390625,1780.3924560546875,1492.2554931640625,1186.9339599609375,1528.236572265625,1572.4599609375,1884.218994140625,1558.55029296875,1678.3076171875,1591.748291015625,1076.6246337890623,1366.03515625,1634.548095703125,1781.039306640625,1744.3759765625,1799.4276123046875,1357.43994140625,1236.210205078125,1777.40869140625,1757.7398681640625,1080.6492919921877,1824.97900390625,1051.0699462890623,1273.228515625,1967.9996337890625,2015.13525390625,1666.39794921875,1391.488037109375,548.4185791015625,1705.3485107421875,1643.405517578125,1497.5802001953125,1929.7861328125,1583.2591552734375,2032.63525390625,1743.928466796875,1567.9757080078125,1326.719970703125,1911.5645751953125,1368.6812744140625,1538.5350341796875,1507.613525390625,1966.048095703125,1697.1455078125,1250.891845703125,1863.2794189453125,1755.406494140625,1468.5572509765625,1709.3218994140625,1488.2088623046875,1825.7598876953125,1608.4969482421875,1707.51806640625,1839.9156494140625,1658.3753662109375,1531.8402099609375,1558.66845703125,1610.1826171875
521.6412353515625,531.4804077148439,275.49404907226557,499.9034118652344,244.9305419921875,1398.6429443359375,1381.143798828125,902.26953125,1812.569091796875,330.80487060546875,1552.2203369140625,1637.443603515625,2467.201171875,2043.75537109375,1807.1021728515625,1425.09765625,632.6392822265625,1719.0758056640625,1821.625,189.03770446777344,1756.0980224609375,1759.2271728515625,344.4329528808594,303.4045715332031,1856.2991943359373,1634.7783203125,1867.0709228515625,1757.2493896484375,1741.2882080078125,1774.9979248046875,1723.8336181640625,1156.5999755859375,1613.7705078125,948.9683227539062,1794.23046875,1737.1934814453125,1114.331787109375,1724.398681640625,1584.5699462890625,1678.383056640625,1740.82958984375,1588.8323974609375,1932.5177001953125,1931.445068359375,1572.419189453125,872.5418090820312,1664.3924560546875,1905.817626953125,1774.6075439453125,1488.9383544921875,1188.65380859375,1530.7777099609375,1569.017822265625,1859.0107421875,1565.6636962890625,1680.2939453125,1607.6800537109375,1075.83349609375,1363.8182373046875,1638.5235595703125,1786.3599853515625,1741.977783203125,1799.5357666015625,1347.525390625,1230.6729736328125,1772.5892333984375,1761.6441650390625,1082.016357421875,1824.486083984375,1046.8837890625,1276.583251953125,1961.0054931640625,2025.218994140625,1664.361572265625,1388.0657958984375,539.0657958984375,1699.8057861328125,1643.86962890625,1497.4442138671875,1938.852783203125,1583.8651123046875,2039.5477294921875,1745.6400146484375,1569.50048828125,1332.990478515625,1919.3687744140625,1365.4970703125,1541.160888671875,1509.8544921875,1966.01025390625,1698.345703125,1255.1502685546875,1857.376708984375,1761.4825439453125,1469.984130859375,1708.568115234375,1493.78369140625,1823.0687255859373,1617.7740478515625,1706.0203857421875,1844.5789794921875,1680.756591796875,1544.6851806640625,1563.5697021484375,1621.1220703125
524.818603515625,540.1631469726561,272.57046508789057,491.2103576660156,248.88352966308597,1388.7003173828125,1373.97900390625,917.2339477539062,1810.02197265625,337.8526916503906,1545.7667236328125,1638.6259765625,2466.591796875,2021.0787353515625,1827.3551025390625,1427.1143798828125,633.549560546875,1734.85400390625,1812.4234619140625,196.5655212402344,1749.411376953125,1753.0458984375,340.03375244140625,302.371826171875,1871.3765869140625,1607.6009521484375,1864.8681640625,1748.4716796875,1730.1708984375,1770.9893798828125,1727.62353515625,1152.7674560546875,1605.6123046875,934.0518188476562,1801.6268310546875,1726.762939453125,1121.2054443359377,1730.115966796875,1593.440185546875,1679.78369140625,1721.32373046875,1582.4541015625,1941.35302734375,1957.9886474609373,1597.5860595703125,862.2706909179688,1666.7554931640625,1909.9630126953125,1779.7886962890625,1499.2293701171875,1185.5068359375,1534.277099609375,1567.5328369140625,1854.43896484375,1553.00439453125,1674.5059814453125,1605.91650390625,1068.8824462890623,1367.282470703125,1637.7547607421875,1787.2091064453125,1739.1566162109375,1782.7833251953125,1347.5172119140625,1228.3084716796875,1766.109619140625,1749.5615234375,1071.6644287109377,1817.78759765625,1045.608154296875,1271.465576171875,1948.8837890625,2008.4964599609373,1680.59814453125,1378.765380859375,547.7188110351561,1707.404541015625,1646.6767578125,1501.7716064453125,1922.1103515625,1591.6212158203125,2039.4423828125,1742.06640625,1569.3878173828125,1333.9190673828125,1913.265380859375,1375.049560546875,1547.5166015625,1510.6527099609375,1972.5308837890625,1701.7283935546875,1253.62548828125,1853.9091796875,1756.113037109375,1453.2340087890625,1711.60107421875,1499.5035400390625,1824.9769287109373,1609.55517578125,1721.0087890625,1839.84765625,1663.6707763671875,1545.1611328125,1561.85498046875,1628.1878662109375
511.5153198242188,544.40478515625,266.2088623046875,499.3413391113281,245.4452362060547,1385.589599609375,1374.306884765625,910.6476440429688,1786.8690185546875,329.2875061035156,1538.8017578125,1628.4105224609375,2433.3779296875,2019.5396728515625,1806.1318359375,1417.9022216796875,628.0775756835938,1726.300537109375,1818.173095703125,191.1605987548828,1752.985595703125,1750.7205810546875,349.1573181152344,300.3758850097656,1879.0748291015625,1619.82763671875,1864.964599609375,1747.6295166015625,1740.2039794921875,1776.9573974609375,1718.48291015625,1141.5262451171875,1610.0146484375,930.2318115234376,1790.4359130859375,1728.64697265625,1119.8712158203123,1737.94873046875,1584.2144775390625,1682.7340087890625,1733.820068359375,1592.0826416015625,1943.29052734375,1944.8822021484373,1576.1568603515625,868.0059814453125,1662.49853515625,1904.3311767578125,1775.1038818359375,1489.0093994140625,1191.8343505859375,1528.7811279296875,1570.3272705078125,1859.3297119140625,1558.699951171875,1671.1884765625,1594.2659912109375,1063.8414306640623,1371.9730224609375,1629.1158447265625,1780.9781494140625,1735.3377685546875,1793.9669189453125,1349.540283203125,1230.3900146484375,1775.6617431640625,1756.5177001953125,1074.087646484375,1825.9840087890625,1044.82080078125,1280.15966796875,1951.4930419921875,2017.09130859375,1665.3746337890625,1382.2421875,548.2340698242189,1691.9468994140625,1643.942626953125,1484.09521484375,1932.802001953125,1588.660888671875,2032.2164306640625,1742.9771728515625,1561.720703125,1335.6953125,1912.92724609375,1357.641845703125,1529.6173095703125,1500.4000244140625,1964.08203125,1696.9559326171875,1255.75048828125,1843.8560791015625,1753.8082275390625,1456.226318359375,1704.1378173828125,1481.62109375,1818.4666748046875,1605.4749755859375,1702.3148193359375,1840.0738525390625,1670.534912109375,1544.5625,1547.213623046875,1614.2398681640625
508.35577392578125,547.73779296875,262.0780639648437,500.044189453125,244.64596557617188,1393.90673828125,1376.131591796875,916.9541625976562,1809.5980224609373,333.4881896972656,1539.7125244140625,1628.6973876953125,2438.125732421875,2026.7998046875,1804.270751953125,1409.6409912109375,635.2183837890625,1724.780029296875,1819.243408203125,187.9624786376953,1764.0888671875,1754.8717041015625,339.26666259765625,296.594482421875,1854.6832275390625,1629.7615966796875,1874.963623046875,1751.703369140625,1751.72119140625,1784.9644775390625,1734.79296875,1153.956787109375,1614.0189208984375,930.1810302734376,1799.2125244140625,1720.0947265625,1119.2607421875,1722.2469482421875,1582.041748046875,1680.2344970703125,1734.7359619140625,1589.0888671875,1953.7476806640625,1938.242431640625,1562.0289306640625,898.899169921875,1674.5521240234375,1900.426025390625,1775.2423095703125,1491.3155517578125,1195.7330322265625,1529.1201171875,1563.991455078125,1873.1617431640625,1565.2783203125,1671.177734375,1600.9605712890625,1080.878173828125,1374.38330078125,1627.534423828125,1785.5958251953125,1736.7220458984375,1799.922119140625,1356.5506591796875,1245.510009765625,1772.902099609375,1752.613525390625,1080.865478515625,1829.8843994140625,1046.7938232421877,1273.889404296875,1952.93603515625,2025.41943359375,1650.8074951171875,1386.93603515625,547.63134765625,1701.21240234375,1644.24853515625,1499.967529296875,1939.5489501953125,1583.345947265625,2038.0369873046875,1738.10302734375,1571.0238037109375,1322.907958984375,1915.6844482421875,1361.8275146484375,1536.782958984375,1495.8558349609375,1972.3590087890625,1699.9779052734375,1248.60302734375,1853.8636474609373,1738.2496337890625,1462.9307861328125,1717.4515380859375,1503.7713623046875,1829.1893310546875,1599.9420166015625,1711.4501953125,1835.96630859375,1665.8118896484375,1530.7945556640625,1557.594482421875,1614.940673828125
516.0525512695311,536.1455688476561,266.49441528320307,492.9165954589844,246.3480682373047,1387.4417724609375,1387.3648681640625,911.3120727539062,1809.2152099609373,336.19366455078125,1539.0584716796875,1618.867431640625,2446.593994140625,2023.0712890625,1808.9888916015625,1405.2374267578125,632.2069702148438,1724.3428955078125,1811.89208984375,192.20394897460938,1760.4443359375,1748.0721435546875,348.2069396972656,299.6130065917969,1857.7132568359373,1624.077880859375,1862.25537109375,1762.7674560546875,1740.7926025390625,1775.0615234375,1732.4039306640625,1158.3153076171875,1607.495849609375,939.9635009765624,1802.2099609375,1742.5687255859375,1136.7274169921875,1734.7021484375,1572.9984130859375,1677.41650390625,1721.0062255859375,1591.60107421875,1953.897216796875,1942.031494140625,1561.650390625,899.3960571289062,1669.103271484375,1912.54833984375,1792.296875,1487.4442138671875,1191.8126220703125,1519.8914794921875,1567.2803955078125,1855.176025390625,1568.439208984375,1679.0738525390625,1586.8525390625,1070.5791015625,1364.13037109375,1636.32080078125,1772.94775390625,1736.601806640625,1795.8665771484375,1344.7186279296875,1234.964111328125,1772.436279296875,1756.8355712890625,1080.0703125,1823.5992431640625,1049.1337890625,1281.2781982421875,1963.5426025390625,2008.634033203125,1679.8575439453125,1385.45458984375,538.6415405273439,1699.8421630859375,1638.4915771484375,1495.0341796875,1934.0113525390625,1598.722412109375,2032.9864501953125,1737.1038818359375,1562.671142578125,1315.476806640625,1908.0943603515625,1376.6881103515625,1545.955810546875,1502.379638671875,1960.1217041015625,1693.5328369140625,1238.18212890625,1844.4918212890625,1751.5460205078125,1471.5987548828125,1711.2921142578125,1483.883056640625,1824.1331787109373,1612.58740234375,1704.666748046875,1832.71728515625,1674.23095703125,1528.7808837890625,1559.2008056640625,1604.0301513671875
517.9771728515625,537.3427124023439,273.36947631835943,492.73663330078125,240.2621307373047,1402.3638916015625,1384.3641357421875,925.0072021484376,1800.66259765625,346.8083190917969,1552.1904296875,1638.5938720703125,2449.7265625,2034.4384765625,1809.53125,1421.267578125,636.1556396484375,1725.68994140625,1821.02978515625,192.2907257080078,1764.08740234375,1754.097900390625,347.788330078125,302.0545349121094,1866.340087890625,1631.7886962890625,1872.2310791015625,1754.5330810546875,1746.151123046875,1790.0732421875,1732.5296630859375,1164.3878173828125,1621.002197265625,936.8185424804688,1796.4990234375,1729.7451171875,1121.5716552734377,1730.7861328125,1573.8033447265625,1680.075927734375,1735.0108642578125,1588.297119140625,1949.6866455078125,1944.8193359375,1557.4644775390625,893.7509155273438,1670.5999755859375,1911.6507568359373,1789.1776123046875,1493.633544921875,1197.6468505859375,1517.95458984375,1556.768798828125,1857.5799560546875,1577.6820068359375,1685.1624755859375,1589.509033203125,1056.323486328125,1365.5113525390625,1636.896484375,1780.7945556640625,1738.6533203125,1810.1175537109373,1343.0283203125,1235.6558837890625,1778.0255126953125,1752.4412841796875,1086.3421630859377,1840.9591064453125,1050.07958984375,1293.142578125,1969.25146484375,2016.795654296875,1666.50634765625,1393.2828369140625,536.3093872070311,1688.0093994140625,1641.78515625,1512.7921142578125,1943.1351318359373,1585.70556640625,2042.782470703125,1747.5667724609375,1568.1640625,1318.4410400390625,1913.1802978515625,1358.2099609375,1547.462890625,1500.781982421875,1955.952880859375,1688.7811279296875,1254.7117919921875,1856.1982421875,1750.68994140625,1473.3681640625,1713.469970703125,1494.11181640625,1825.657470703125,1612.3426513671875,1704.0347900390625,1832.890625,1660.1444091796875,1534.761962890625,1559.2601318359375,1617.7755126953125
512.502685546875,537.80029296875,269.64370727539057,492.385009765625,243.5464172363281,1405.50390625,1384.745849609375,915.8226928710938,1812.1044921875,334.8149108886719,1544.448974609375,1629.96923828125,2449.88818359375,2033.8951416015625,1807.828369140625,1410.780029296875,631.0706176757812,1717.3614501953125,1813.626220703125,190.92852783203125,1759.0172119140625,1747.7608642578125,344.2598571777344,300.4870910644531,1856.8082275390625,1622.775390625,1870.3870849609373,1763.1409912109375,1743.90234375,1779.7353515625,1737.6168212890625,1155.448486328125,1608.8681640625,931.9465942382812,1797.0093994140625,1733.2366943359375,1111.843505859375,1726.08837890625,1581.8876953125,1687.3133544921875,1732.7945556640625,1593.697998046875,1955.6865234375,1950.3079833984373,1563.6331787109375,896.0653686523438,1665.39697265625,1904.2845458984373,1783.493408203125,1497.659912109375,1193.06396484375,1520.6292724609375,1567.280517578125,1859.924560546875,1564.7738037109375,1672.1748046875,1591.50732421875,1050.494384765625,1367.500244140625,1631.669677734375,1785.73974609375,1740.2335205078125,1798.8548583984375,1331.9613037109375,1243.895263671875,1779.0399169921875,1760.4404296875,1085.150634765625,1817.7763671875,1036.83642578125,1283.010986328125,1953.0760498046875,2012.2880859375,1661.7684326171875,1383.4990234375,542.3734130859375,1691.82080078125,1637.2691650390625,1499.4534912109375,1940.9342041015625,1580.561767578125,2039.9501953125,1738.9266357421875,1582.24169921875,1327.770263671875,1912.4468994140625,1366.23388671875,1530.9163818359375,1503.7294921875,1971.334716796875,1691.3309326171875,1248.5264892578125,1849.9710693359373,1759.75634765625,1463.8531494140625,1691.5972900390625,1507.3087158203125,1822.5382080078125,1602.50341796875,1716.314208984375,1834.39599609375,1661.7861328125,1537.6201171875,1547.98681640625,1618.302734375
510.0760192871094,534.1242065429689,265.51351928710943,504.4108276367188,246.71913146972656,1393.884765625,1372.3388671875,916.6788940429688,1820.515625,337.8477783203125,1540.703125,1632.6636962890625,2435.510498046875,2029.9930419921875,1815.9300537109373,1409.379150390625,641.5442504882812,1720.097412109375,1814.8515625,193.9305419921875,1764.6519775390625,1745.46630859375,335.547119140625,300.2894287109375,1852.76953125,1622.7867431640625,1870.789306640625,1757.364501953125,1737.423095703125,1775.8951416015625,1733.2491455078125,1152.270751953125,1601.952880859375,933.3661499023438,1786.343994140625,1739.4730224609375,1127.8531494140625,1735.4293212890625,1582.8857421875,1683.0517578125,1734.6396484375,1589.6158447265625,1948.6058349609373,1948.5152587890625,1572.7080078125,887.7254028320312,1664.405029296875,1917.4715576171875,1786.153564453125,1495.9912109375,1187.60986328125,1527.5477294921875,1567.9176025390625,1850.5172119140625,1550.7537841796875,1671.0771484375,1594.17919921875,1066.99560546875,1368.7398681640625,1632.1510009765625,1781.03173828125,1738.359619140625,1792.0523681640625,1326.9564208984375,1236.5960693359375,1766.313720703125,1755.6322021484375,1080.67919921875,1807.168212890625,1045.86865234375,1282.387939453125,1939.925537109375,2013.0296630859373,1665.088134765625,1387.222412109375,541.9241943359375,1681.2520751953125,1639.310302734375,1507.2122802734375,1925.33740234375,1576.84619140625,2038.8212890625,1728.0203857421875,1565.1134033203125,1327.479736328125,1914.9757080078125,1371.4444580078125,1550.3609619140625,1496.995849609375,1965.9405517578125,1699.4853515625,1245.9573974609375,1831.43896484375,1750.4873046875,1456.1046142578125,1694.7288818359375,1495.4049072265625,1819.7493896484373,1607.58544921875,1710.35107421875,1835.106689453125,1657.6968994140625,1523.0997314453125,1556.6072998046875,1610.9862060546875
511.2154541015625,536.0859375,267.36181640625,502.551025390625,249.55990600585938,1402.12939453125,1386.991943359375,920.3760375976562,1826.2672119140625,339.22564697265625,1556.061767578125,1632.9718017578125,2432.789794921875,2036.1376953125,1818.1141357421875,1421.8199462890625,640.0988159179688,1724.577880859375,1806.10791015625,192.38352966308597,1753.54296875,1742.671875,349.5811462402344,306.20751953125,1854.93603515625,1619.2841796875,1860.1427001953125,1754.7401123046875,1729.9969482421875,1773.9185791015625,1735.7322998046875,1155.998046875,1610.2454833984375,944.49365234375,1789.0186767578125,1736.695556640625,1115.5413818359377,1740.3248291015625,1576.64697265625,1686.3355712890625,1742.34765625,1601.87939453125,1945.5216064453125,1939.808349609375,1583.6639404296875,884.5391845703125,1668.7469482421875,1909.3994140625,1789.926025390625,1499.52392578125,1195.259765625,1535.005615234375,1563.0428466796875,1870.3211669921875,1567.7659912109375,1671.664306640625,1600.35693359375,1067.8226318359377,1366.6488037109375,1637.57080078125,1787.10400390625,1735.554443359375,1789.2440185546875,1335.0267333984375,1234.1630859375,1769.9093017578125,1757.7022705078125,1078.0433349609377,1825.3707275390625,1045.4002685546877,1295.04150390625,1959.5826416015625,2008.7900390625,1664.06298828125,1396.6531982421875,549.5701293945311,1709.4892578125,1641.0960693359375,1507.8275146484375,1931.0543212890625,1583.5654296875,2028.8851318359373,1735.1217041015625,1575.0452880859375,1328.191162109375,1914.519775390625,1362.1029052734375,1537.8546142578125,1502.29296875,1972.67822265625,1691.41845703125,1256.61962890625,1853.309814453125,1740.2734375,1466.2703857421875,1707.8529052734375,1492.3837890625,1826.8831787109373,1607.9886474609375,1713.399169921875,1837.821533203125,1664.0008544921875,1540.5133056640625,1567.1175537109375,1621.612060546875
510.305419921875,540.6257934570311,269.6529541015625,495.8396301269531,240.4784698486328,1400.4920654296875,1376.1466064453125,916.0226440429688,1811.0074462890625,340.2065734863281,1549.9300537109375,1630.9495849609375,2423.04052734375,2036.1484375,1825.7574462890625,1419.7181396484375,638.5885009765625,1732.7962646484375,1819.2950439453125,188.0122985839844,1760.1712646484375,1751.361083984375,344.7737731933594,300.1680603027344,1860.7733154296875,1620.5281982421875,1878.3194580078125,1750.2635498046875,1746.7086181640625,1786.2364501953125,1734.2791748046875,1161.0054931640625,1614.97900390625,948.4959716796876,1797.4212646484375,1724.0966796875,1125.8858642578123,1740.4398193359375,1582.802490234375,1685.1439208984375,1748.6441650390625,1597.268310546875,1943.4276123046875,1931.5205078125,1575.5264892578125,884.2665405273438,1671.5009765625,1899.3770751953125,1763.1334228515625,1491.3740234375,1190.4068603515625,1530.6575927734375,1562.21484375,1867.505126953125,1560.218505859375,1670.4287109375,1594.487548828125,1061.0595703125,1370.7593994140625,1628.906982421875,1789.6019287109375,1733.87255859375,1799.0631103515625,1342.6480712890625,1232.18505859375,1771.8931884765625,1751.7021484375,1084.3587646484377,1823.6488037109373,1042.3070068359377,1275.15576171875,1963.6187744140625,2005.8427734375,1655.710205078125,1393.084228515625,538.8089599609375,1693.9163818359375,1642.7161865234375,1503.392822265625,1932.21875,1584.333740234375,2043.27392578125,1742.903564453125,1566.644775390625,1339.016845703125,1912.201904296875,1374.7967529296875,1543.83349609375,1507.8499755859375,1967.1829833984373,1701.6708984375,1263.177978515625,1854.1361083984373,1760.612060546875,1460.7647705078125,1701.62939453125,1490.401611328125,1824.5838623046875,1621.462646484375,1709.1112060546875,1838.94384765625,1673.8148193359375,1523.2271728515625,1560.762939453125,1624.3265380859375
513.4862060546875,537.3450927734375,277.4027709960937,494.932373046875,251.78880310058597,1399.6983642578125,1379.6300048828125,915.1135864257812,1810.38037109375,334.5083312988281,1550.7568359375,1636.15478515625,2446.81787109375,2045.2138671875,1827.82958984375,1428.64453125,627.963134765625,1726.7601318359375,1816.9970703125,185.24549865722656,1753.890380859375,1754.0015869140625,337.8652648925781,297.9622497558594,1858.745849609375,1630.9925537109375,1876.8636474609373,1760.283935546875,1740.3128662109375,1778.795654296875,1728.7611083984375,1156.9727783203125,1609.61669921875,945.5698852539062,1787.8804931640625,1730.752685546875,1124.0570068359377,1735.3226318359375,1587.5699462890625,1681.2987060546875,1737.8167724609375,1596.2138671875,1941.180908203125,1939.6114501953125,1590.677978515625,884.5653686523438,1665.9600830078125,1899.6385498046875,1773.60302734375,1491.517333984375,1188.3118896484375,1524.6456298828125,1561.603515625,1850.5606689453125,1555.8897705078125,1684.07275390625,1601.0240478515625,1077.3150634765623,1375.6358642578125,1634.1103515625,1788.3837890625,1731.261474609375,1796.0958251953125,1343.8907470703125,1230.6580810546875,1769.578369140625,1758.3992919921875,1083.5655517578123,1813.5316162109373,1037.36376953125,1280.0797119140625,1948.2906494140625,2003.60009765625,1662.26025390625,1384.80126953125,541.5523071289061,1700.3897705078125,1638.393798828125,1487.1038818359375,1924.5960693359373,1588.370361328125,2042.3533935546875,1744.3780517578125,1567.5550537109375,1328.166259765625,1908.663818359375,1365.2730712890625,1535.0833740234375,1501.54443359375,1965.7359619140625,1696.942138671875,1240.7939453125,1847.870849609375,1746.9449462890625,1466.104248046875,1704.6304931640625,1494.6810302734375,1822.3773193359373,1617.1494140625,1699.6148681640625,1831.9827880859373,1655.3128662109375,1531.2762451171875,1564.165771484375,1621.2816162109375
513.5806884765625,539.5498657226561,271.77178955078125,499.4251708984375,251.36485290527344,1406.2470703125,1383.8251953125,931.0349731445312,1817.2130126953125,337.05780029296875,1566.8834228515625,1643.2166748046875,2449.8232421875,2038.0240478515625,1822.073974609375,1422.4462890625,630.806640625,1734.0107421875,1812.9722900390625,191.14031982421875,1757.40380859375,1746.1234130859375,348.3136901855469,295.695068359375,1859.5960693359373,1627.3095703125,1863.6156005859373,1755.5228271484375,1735.5841064453125,1769.375244140625,1734.1832275390625,1158.7159423828125,1608.2666015625,928.76171875,1790.1285400390625,1736.433349609375,1116.0853271484377,1747.792724609375,1585.8275146484375,1683.8199462890625,1738.8519287109375,1604.5191650390625,1950.3846435546875,1934.46728515625,1582.643310546875,883.6525268554688,1666.9241943359375,1916.1905517578125,1785.6304931640625,1496.5306396484375,1192.2081298828125,1528.1839599609375,1565.8394775390625,1871.583251953125,1566.86767578125,1682.4852294921875,1597.21435546875,1074.053955078125,1369.2474365234375,1636.9296875,1789.8070068359375,1736.48583984375,1778.0445556640625,1353.793212890625,1228.6937255859375,1773.1502685546875,1754.1005859375,1075.4552001953123,1826.19384765625,1059.237060546875,1285.770263671875,1966.749755859375,2004.3782958984373,1671.5299072265625,1388.6907958984375,541.7062377929689,1707.84814453125,1644.5980224609375,1491.7364501953125,1929.1683349609373,1596.8837890625,2023.068603515625,1740.41650390625,1575.7464599609375,1336.1875,1910.8779296875,1359.7789306640625,1555.097412109375,1506.46728515625,1970.1802978515625,1696.6611328125,1249.736572265625,1864.64599609375,1752.8546142578125,1462.3026123046875,1722.5269775390625,1492.79296875,1817.0035400390625,1616.3935546875,1711.7625732421875,1836.355712890625,1668.44384765625,1526.3177490234375,1552.2589111328125,1607.433837890625
509.3744812011719,529.116455078125,270.32431030273443,489.708740234375,245.00714111328125,1404.970947265625,1387.946044921875,912.110107421875,1827.596435546875,335.2520751953125,1553.657470703125,1635.4066162109375,2441.690673828125,2037.6771240234373,1808.0836181640625,1420.5699462890625,641.3756713867188,1724.54541015625,1814.999755859375,196.8811492919922,1755.8701171875,1746.6361083984375,341.37359619140625,293.10760498046875,1847.7626953125,1623.9295654296875,1872.5009765625,1757.10546875,1742.31884765625,1786.0,1738.9290771484375,1150.822998046875,1611.988525390625,931.3082885742188,1783.61962890625,1725.3782958984375,1115.400634765625,1734.161376953125,1580.958984375,1680.563720703125,1747.773193359375,1597.294677734375,1939.886962890625,1938.1181640625,1583.441162109375,891.49267578125,1663.0501708984375,1910.0721435546875,1782.8353271484375,1497.5230712890625,1194.1092529296875,1538.700439453125,1573.6435546875,1869.389892578125,1575.2537841796875,1677.158203125,1597.7840576171875,1069.859619140625,1361.740234375,1631.402587890625,1798.26708984375,1752.2933349609375,1798.1663818359375,1349.9488525390625,1235.126708984375,1782.5888671875,1750.005126953125,1084.4754638671877,1835.0205078125,1054.134033203125,1280.8187255859375,1960.0318603515625,2011.2716064453125,1677.0439453125,1385.2987060546875,539.9855346679689,1705.97412109375,1642.6241455078125,1506.4688720703125,1928.0279541015625,1587.6751708984375,2038.8887939453125,1735.6546630859375,1563.5771484375,1340.5128173828125,1910.4609375,1354.924072265625,1532.732421875,1501.5699462890625,1963.8731689453125,1693.2703857421875,1276.681640625,1865.1953125,1729.4365234375,1479.4925537109375,1704.5440673828125,1494.9219970703125,1816.3961181640625,1617.242919921875,1708.3310546875,1832.2742919921875,1659.3968505859375,1541.5894775390625,1555.5811767578125,1616.2713623046875
503.7849426269531,537.11669921875,267.53680419921875,490.7701110839844,248.4638671875,1396.296875,1375.4359130859375,906.4827270507812,1808.7222900390625,336.4157409667969,1551.7532958984375,1636.9085693359375,2430.228515625,2039.1290283203125,1819.656494140625,1417.2908935546875,624.3988037109375,1722.4248046875,1819.7078857421875,183.9653778076172,1755.04443359375,1749.72265625,342.53973388671875,297.4604187011719,1859.3558349609373,1618.1982421875,1874.6650390625,1751.4224853515625,1728.35693359375,1785.3642578125,1735.789306640625,1151.4493408203125,1610.621826171875,930.3571166992188,1799.5216064453125,1736.027099609375,1131.91015625,1738.4820556640625,1579.7437744140625,1679.8233642578125,1730.6531982421875,1592.0953369140625,1947.00634765625,1940.988525390625,1576.2828369140625,885.5470581054688,1672.630615234375,1911.015380859375,1779.62890625,1492.334716796875,1190.3798828125,1523.5584716796875,1567.3582763671875,1851.3419189453125,1555.9862060546875,1669.7261962890625,1599.1243896484375,1064.834716796875,1375.1253662109375,1632.2974853515625,1785.797119140625,1741.5841064453125,1792.89208984375,1340.6968994140625,1239.721923828125,1774.2001953125,1753.4422607421875,1070.637451171875,1825.5386962890625,1057.9737548828123,1286.3011474609375,1945.7835693359373,2013.0035400390625,1674.146484375,1393.5777587890625,545.2390747070311,1698.2449951171875,1644.3477783203125,1507.6217041015625,1931.005126953125,1588.0103759765625,2040.7015380859373,1740.7484130859375,1564.261962890625,1335.6810302734375,1910.7347412109373,1353.45556640625,1531.353515625,1501.9302978515625,1966.805908203125,1694.572509765625,1257.531494140625,1842.09228515625,1735.6983642578125,1468.927978515625,1706.5926513671875,1487.988525390625,1827.0777587890625,1613.1922607421875,1692.4007568359375,1828.3494873046875,1659.1793212890625,1519.9366455078125,1560.1622314453125,1606.2838134765625
523.55615234375,539.1685791015625,267.69781494140625,499.862548828125,250.83116149902344,1404.2144775390625,1382.564208984375,929.0739135742188,1817.9273681640625,341.2818298339844,1561.033203125,1632.82421875,2443.227783203125,2033.76025390625,1819.9642333984373,1417.099365234375,641.3541259765625,1721.0035400390625,1813.5526123046875,195.9919891357422,1751.2313232421875,1744.101318359375,349.2779235839844,299.33514404296875,1867.0242919921875,1624.2681884765625,1854.2984619140625,1765.9261474609375,1736.794189453125,1769.829345703125,1727.4722900390625,1163.01611328125,1607.8101806640625,934.5228271484376,1801.81103515625,1736.1253662109375,1123.961181640625,1738.8756103515625,1588.1575927734375,1681.835205078125,1740.7640380859375,1602.9376220703125,1958.6611328125,1931.0390625,1581.944580078125,868.6687622070312,1666.931396484375,1912.3353271484373,1787.38427734375,1488.9407958984375,1186.9163818359375,1530.7542724609375,1571.4176025390625,1873.5279541015625,1571.86279296875,1677.5406494140625,1591.2271728515625,1072.86279296875,1372.205078125,1633.5631103515625,1790.0091552734375,1744.59375,1792.89599609375,1369.336181640625,1233.311767578125,1780.777587890625,1755.97021484375,1083.6995849609377,1838.389404296875,1046.3021240234377,1284.0557861328125,1963.2933349609373,1997.1790771484373,1670.8751220703125,1385.7698974609375,547.0095825195311,1697.1065673828125,1650.2393798828125,1496.135009765625,1927.5760498046875,1588.336669921875,2025.0628662109373,1739.5577392578125,1561.8231201171875,1327.1390380859375,1901.5906982421875,1370.208984375,1549.501953125,1495.957275390625,1969.733154296875,1683.4273681640625,1255.9569091796875,1849.33349609375,1752.14599609375,1464.59033203125,1707.8948974609375,1487.4705810546875,1812.6854248046875,1615.9908447265625,1696.8822021484375,1830.2314453125,1663.345947265625,1538.2945556640625,1558.0377197265625,1608.1058349609375
513.9495239257811,538.5869140625,270.5963134765625,491.84747314453125,242.2126007080078,1402.2520751953125,1377.1123046875,908.0548095703124,1817.0877685546875,332.7715148925781,1546.2060546875,1634.42626953125,2465.93701171875,2045.747314453125,1832.494873046875,1423.106689453125,627.0662231445312,1736.9007568359375,1823.651123046875,187.8531646728516,1750.7452392578125,1752.8521728515625,340.1662292480469,307.3966979980469,1868.8865966796875,1625.8984375,1876.4395751953125,1762.171630859375,1741.3857421875,1781.057373046875,1727.65478515625,1153.0609130859375,1614.2796630859375,940.5716552734376,1787.298095703125,1737.3226318359375,1117.760986328125,1740.9078369140625,1586.21630859375,1685.4393310546875,1741.652587890625,1597.3251953125,1953.2572021484373,1939.0126953125,1583.6878662109375,870.5629272460938,1668.367919921875,1905.218994140625,1782.64990234375,1483.899169921875,1188.85498046875,1536.9078369140625,1563.4827880859375,1878.9786376953125,1559.6158447265625,1677.6329345703125,1603.14501953125,1066.314697265625,1364.503662109375,1626.794677734375,1779.79443359375,1742.4765625,1782.8704833984375,1345.7640380859375,1239.64306640625,1772.9862060546875,1758.2535400390625,1081.08447265625,1831.609619140625,1042.4154052734377,1272.37255859375,1955.1474609375,2000.8363037109373,1669.1683349609375,1383.885986328125,536.971435546875,1693.248291015625,1633.07470703125,1498.9176025390625,1931.79541015625,1581.712890625,2037.140625,1737.37353515625,1557.689208984375,1326.4263916015625,1908.8525390625,1371.3194580078125,1539.081787109375,1487.1011962890625,1973.529541015625,1690.10888671875,1256.4906005859375,1856.8873291015625,1758.728515625,1463.4862060546875,1708.0577392578125,1483.354736328125,1816.3828125,1600.8299560546875,1706.543212890625,1837.80224609375,1666.7711181640625,1526.862548828125,1548.970947265625,1619.56005859375
512.0114135742189,541.9869384765625,275.29452514648443,497.9595642089844,244.07704162597656,1402.8499755859375,1362.1976318359375,921.5304565429688,1795.684814453125,333.74786376953125,1540.8675537109375,1632.6578369140625,2457.83447265625,2033.194091796875,1823.41650390625,1422.6715087890625,626.968994140625,1727.6375732421875,1814.9609375,190.8116455078125,1751.1116943359375,1754.0345458984375,344.8048095703125,291.26007080078125,1868.5345458984373,1624.2802734375,1863.8812255859373,1741.5538330078125,1736.3455810546875,1778.0592041015625,1734.7977294921875,1144.865478515625,1608.956298828125,918.0450439453124,1798.3016357421875,1734.69677734375,1124.0531005859377,1739.424560546875,1592.41748046875,1685.034423828125,1743.282470703125,1596.5751953125,1947.6046142578125,1946.6953125,1606.34619140625,870.3572387695312,1669.37255859375,1893.912841796875,1782.1231689453125,1495.9775390625,1183.3955078125,1543.46826171875,1562.662109375,1854.0069580078125,1554.102783203125,1671.202392578125,1602.5970458984375,1065.5126953125,1364.7413330078125,1635.3385009765625,1788.8248291015625,1744.5631103515625,1778.015625,1344.244873046875,1230.3214111328125,1765.5162353515625,1754.7362060546875,1074.4681396484377,1824.5802001953125,1039.18798828125,1280.1820068359375,1953.8702392578125,1995.2623291015625,1665.031005859375,1383.525634765625,542.9768676757811,1703.374267578125,1634.1844482421875,1497.2132568359375,1930.665283203125,1590.1959228515625,2041.98828125,1742.731689453125,1577.9559326171875,1334.895263671875,1913.3922119140625,1362.0863037109375,1540.8028564453125,1489.9752197265625,1966.162841796875,1687.0201416015625,1253.7523193359375,1858.4368896484373,1744.80322265625,1454.7327880859375,1707.7139892578125,1488.3497314453125,1814.995849609375,1602.8035888671875,1703.4317626953125,1832.8446044921875,1653.62158203125,1540.4105224609375,1557.0731201171875,1620.9281005859375
511.58038330078125,534.3186645507811,271.53042602539057,485.1238708496094,244.53955078125,1399.4931640625,1380.2757568359375,903.1688842773438,1821.488525390625,334.69140625,1543.5616455078125,1636.2132568359375,2454.680419921875,2044.9381103515625,1824.953125,1428.8433837890625,620.2610473632812,1721.7998046875,1815.3258056640625,193.8956756591797,1749.2598876953125,1756.6373291015625,341.8935852050781,303.6617431640625,1871.0736083984373,1633.41748046875,1863.782470703125,1756.6085205078125,1727.2440185546875,1767.9931640625,1729.1683349609375,1151.69384765625,1612.9505615234375,921.5432739257812,1795.182373046875,1742.034912109375,1127.1812744140625,1744.803466796875,1588.1356201171875,1689.798583984375,1753.2896728515625,1603.06640625,1947.67431640625,1936.899658203125,1611.131103515625,881.7618408203125,1659.862548828125,1898.8037109375,1778.7806396484375,1497.6158447265625,1192.905029296875,1539.212158203125,1562.0189208984375,1843.1754150390625,1568.5535888671875,1676.5228271484375,1603.435791015625,1073.996337890625,1362.44482421875,1644.0284423828125,1796.9852294921875,1745.6905517578125,1774.42333984375,1347.0950927734375,1227.7889404296875,1770.2894287109375,1759.044189453125,1089.1591796875,1824.97802734375,1047.4609375,1281.3663330078125,1944.9000244140625,1988.5765380859373,1671.3876953125,1368.8773193359375,539.7401123046875,1707.2021484375,1639.84912109375,1484.76318359375,1916.6781005859373,1585.0391845703125,2024.102783203125,1733.3779296875,1569.9267578125,1329.8931884765625,1921.1422119140625,1353.0777587890625,1540.2064208984375,1498.1669921875,1973.6907958984373,1697.8206787109375,1257.4283447265625,1841.9449462890625,1739.719970703125,1467.5323486328125,1695.0921630859375,1485.4495849609375,1825.7833251953125,1610.7320556640625,1710.8768310546875,1850.5667724609373,1659.1337890625,1537.964111328125,1553.92529296875,1631.67138671875
512.396728515625,543.8576049804689,272.5343017578125,497.1139526367188,242.04913330078125,1397.1451416015625,1378.6119384765625,921.5100708007812,1818.668212890625,334.8482971191406,1546.8314208984375,1639.568115234375,2447.771240234375,2054.135986328125,1835.6474609375,1436.8736572265625,633.101318359375,1726.585693359375,1822.3304443359373,192.8619384765625,1764.4130859375,1756.0186767578125,342.61712646484375,301.17279052734375,1878.0361328125,1630.9730224609375,1910.8380126953125,1761.1243896484375,1742.0023193359375,1781.7664794921875,1734.5802001953125,1151.604248046875,1622.759765625,942.6556396484376,1798.49462890625,1736.0606689453125,1129.0411376953125,1743.7508544921875,1587.8465576171875,1683.710205078125,1754.579345703125,1601.6685791015625,1948.1422119140625,1940.1827392578125,1611.1995849609375,868.9443969726562,1667.9580078125,1900.3328857421875,1769.4393310546875,1501.2552490234375,1190.600830078125,1537.2818603515625,1563.668212890625,1843.0152587890625,1548.1844482421875,1675.6025390625,1600.79150390625,1058.9256591796877,1360.4163818359375,1628.27734375,1811.0921630859373,1733.3538818359375,1789.8624267578125,1340.490234375,1233.453125,1764.7269287109375,1758.722412109375,1079.6488037109377,1824.1007080078125,1035.2855224609377,1294.1019287109375,1963.4234619140625,1991.5452880859373,1662.3187255859375,1382.1114501953125,544.336669921875,1706.280517578125,1644.5101318359375,1485.168212890625,1937.3197021484373,1578.385009765625,2039.0992431640625,1748.4927978515625,1549.5439453125,1330.8638916015625,1908.0120849609373,1368.5433349609375,1533.0185546875,1496.4013671875,1964.4798583984373,1692.049072265625,1252.7811279296875,1856.5670166015625,1769.4527587890625,1457.2127685546875,1692.09375,1478.5067138671875,1823.7099609375,1614.2686767578125,1694.5880126953125,1834.8046875,1668.78564453125,1534.815673828125,1566.3455810546875,1610.3004150390625
509.40130615234375,532.10888671875,270.11993408203125,490.2671508789063,245.2637176513672,1397.5537109375,1383.1280517578125,907.6398315429688,1824.8746337890625,327.1812744140625,1544.7105712890625,1626.59228515625,2452.86669921875,2047.22509765625,1829.4925537109373,1417.1671142578125,633.405517578125,1724.3125,1818.70556640625,197.35032653808597,1753.5072021484375,1750.679443359375,354.91070556640625,302.03118896484375,1867.4254150390625,1632.572265625,1882.2803955078125,1757.82666015625,1738.3115234375,1781.3577880859375,1740.1815185546875,1158.26904296875,1613.133544921875,927.9513549804688,1799.565185546875,1740.93505859375,1127.327392578125,1744.3349609375,1585.8609619140625,1684.16162109375,1748.1363525390625,1602.9951171875,1947.2816162109373,1931.0140380859373,1584.98486328125,881.0150146484375,1666.883544921875,1899.2078857421875,1766.63134765625,1492.0418701171875,1191.6629638671875,1529.3978271484375,1566.5596923828125,1851.166748046875,1564.14013671875,1672.091796875,1594.1708984375,1068.445556640625,1370.2091064453125,1637.03662109375,1801.269775390625,1732.9945068359375,1789.8170166015625,1348.3182373046875,1225.328125,1774.60400390625,1752.4169921875,1083.533935546875,1820.154052734375,1043.4659423828123,1289.363525390625,1962.3004150390625,1990.1983642578125,1673.5411376953125,1380.0526123046875,546.2533569335939,1699.469482421875,1641.4259033203125,1487.20849609375,1934.3026123046875,1595.96337890625,2032.7947998046875,1747.8143310546875,1562.7965087890625,1324.3756103515625,1915.726806640625,1371.7789306640625,1528.6309814453125,1498.717041015625,1968.7451171875,1696.8199462890625,1247.24609375,1841.922119140625,1759.3297119140625,1457.0985107421875,1705.67236328125,1484.033935546875,1826.6761474609373,1615.1837158203125,1701.4683837890625,1839.4215087890625,1661.1641845703125,1527.544921875,1554.3631591796875,1627.884033203125
515.1641235351561,531.3960571289061,277.36871337890625,483.5174865722656,240.26622009277344,1394.0098876953125,1379.471923828125,915.8465576171876,1833.50244140625,336.0269470214844,1546.541015625,1630.4908447265625,2443.546142578125,2042.6475830078125,1836.635498046875,1423.016845703125,629.3267211914062,1726.0985107421875,1816.639404296875,190.46029663085938,1758.50634765625,1750.1663818359375,337.6954040527344,299.3149719238281,1868.9234619140625,1629.7249755859375,1869.2508544921875,1763.4552001953125,1736.27099609375,1773.21728515625,1736.7437744140625,1154.1424560546875,1611.3203125,928.0623779296876,1788.4786376953125,1743.1763916015625,1126.142578125,1751.1619873046875,1584.14697265625,1681.561767578125,1736.9937744140625,1603.13671875,1939.8992919921875,1943.1517333984373,1594.943603515625,868.7550659179688,1669.9530029296875,1916.383056640625,1777.304443359375,1498.0079345703125,1191.323486328125,1528.5487060546875,1565.5106201171875,1853.51025390625,1549.1541748046875,1670.44970703125,1608.9244384765625,1071.7808837890623,1369.3846435546875,1630.7889404296875,1783.28662109375,1733.5380859375,1787.0108642578125,1340.4019775390625,1239.359375,1760.191162109375,1750.9613037109375,1080.5291748046877,1815.35791015625,1040.7242431640623,1285.7763671875,1956.582275390625,1994.8994140625,1665.0194091796875,1394.2891845703125,535.9328002929689,1697.8486328125,1633.2637939453125,1508.140869140625,1935.4813232421875,1587.3367919921875,2033.4696044921875,1736.5877685546875,1554.115234375,1322.0394287109375,1909.9063720703125,1376.7076416015625,1541.5986328125,1504.4871826171875,1963.930908203125,1700.20263671875,1249.895263671875,1841.7503662109373,1746.23974609375,1460.5372314453125,1701.5927734375,1491.96826171875,1824.4649658203125,1600.23779296875,1706.6512451171875,1840.8369140625,1674.0057373046875,1537.598388671875,1561.21630859375,1622.6727294921875
519.41015625,539.9891967773439,270.15048217773443,495.7744140625,243.0134735107422,1404.384765625,1379.36376953125,927.8224487304688,1827.9056396484373,334.1347351074219,1546.9013671875,1644.2789306640625,2457.57275390625,2056.00830078125,1831.0465087890625,1418.0198974609375,639.2073364257812,1729.140380859375,1818.2401123046875,194.286376953125,1760.4757080078125,1755.101318359375,350.25323486328125,299.3360900878906,1880.2725830078125,1623.9154052734375,1877.070556640625,1755.4281005859375,1731.2711181640625,1774.2398681640625,1733.0750732421875,1145.9569091796875,1610.8095703125,923.795654296875,1790.2247314453125,1742.7076416015625,1124.7991943359377,1742.3253173828125,1589.42138671875,1683.6883544921875,1738.96875,1591.7464599609375,1938.2611083984373,1945.2886962890625,1599.8240966796875,873.0653686523438,1657.9996337890625,1895.436279296875,1771.1884765625,1497.8009033203125,1185.1800537109375,1536.027587890625,1563.6156005859375,1833.3851318359373,1550.286865234375,1670.4759521484375,1597.9874267578125,1069.713134765625,1373.1182861328125,1642.7042236328125,1785.2972412109375,1734.311279296875,1782.703125,1333.98681640625,1224.7841796875,1760.875244140625,1756.3609619140625,1073.3101806640623,1812.5709228515625,1030.5140380859377,1284.9775390625,1946.4072265625,1996.18896484375,1667.226318359375,1383.583984375,543.173583984375,1694.02392578125,1644.4830322265625,1488.1187744140625,1924.9862060546875,1598.2349853515625,2031.35546875,1742.5799560546875,1548.587890625,1325.4635009765625,1912.117431640625,1384.16064453125,1540.70361328125,1494.39306640625,1965.0919189453125,1701.88037109375,1255.8974609375,1828.6680908203125,1750.316162109375,1457.87646484375,1705.552001953125,1471.95361328125,1827.4234619140625,1613.103759765625,1694.043212890625,1839.7548828125,1665.8291015625,1531.03173828125,1560.7872314453125,1608.436279296875
512.624267578125,530.3518676757811,264.80374145507807,491.9185791015625,249.3179168701172,1401.634521484375,1385.653564453125,924.9017333984376,1822.7764892578125,336.7108459472656,1547.9149169921875,1641.873291015625,2448.240966796875,2055.435546875,1832.80322265625,1427.8533935546875,635.2911376953125,1730.6973876953125,1827.0958251953125,194.0321044921875,1761.8209228515625,1762.70947265625,340.4405212402344,303.2993469238281,1864.0072021484373,1619.3538818359375,1896.1829833984373,1753.0018310546875,1734.3360595703125,1789.3365478515625,1739.5267333984375,1152.6552734375,1606.3416748046875,945.5430908203124,1783.6669921875,1734.582275390625,1120.31640625,1737.6611328125,1584.7550048828125,1683.3629150390625,1748.58349609375,1592.243408203125,1941.8291015625,1936.479248046875,1594.841064453125,864.5087280273438,1666.8948974609375,1888.206787109375,1774.5390625,1494.9793701171875,1198.0687255859375,1532.3121337890625,1567.9404296875,1838.3375244140625,1540.2427978515625,1661.4638671875,1597.713623046875,1067.8831787109377,1376.765380859375,1629.9886474609375,1795.294189453125,1740.5511474609375,1784.27880859375,1318.4407958984375,1240.9390869140625,1762.2481689453125,1754.5999755859375,1075.5396728515623,1817.7177734375,1028.112548828125,1277.804931640625,1960.214599609375,2001.19677734375,1661.1353759765625,1384.5899658203125,544.9474487304689,1706.745361328125,1647.7115478515625,1497.1484375,1925.3680419921875,1592.39697265625,2041.5927734375,1738.92822265625,1559.1761474609375,1336.5360107421875,1922.84765625,1376.3302001953125,1538.7122802734375,1491.54736328125,1970.386962890625,1706.4281005859375,1264.048828125,1843.8770751953125,1764.3121337890625,1455.8668212890625,1696.593505859375,1476.1456298828125,1830.98974609375,1615.35107421875,1700.005859375,1848.527099609375,1674.1741943359375,1538.3294677734375,1567.6767578125,1625.876953125
511.3192443847656,534.969482421875,264.4110717773437,489.1216125488281,252.28823852539062,1390.6988525390625,1367.4002685546875,918.4865112304688,1804.1737060546875,336.87371826171875,1538.7864990234375,1640.2530517578125,2443.906982421875,2034.2608642578125,1817.3455810546875,1424.412841796875,635.6793823242188,1731.3641357421875,1819.3681640625,187.8817138671875,1758.7001953125,1749.4710693359375,339.2183532714844,304.7940673828125,1868.9833984375,1624.3316650390625,1879.1102294921875,1754.140869140625,1738.859619140625,1779.619140625,1735.6273193359375,1153.0191650390625,1611.397705078125,937.505126953125,1787.4185791015625,1736.9588623046875,1122.85498046875,1738.7965087890625,1588.25244140625,1687.2679443359375,1744.5628662109375,1594.158447265625,1939.5921630859373,1941.6781005859373,1586.7735595703125,879.1807250976562,1665.7171630859375,1889.2701416015625,1767.289306640625,1497.21923828125,1190.3720703125,1529.649658203125,1566.207275390625,1837.7833251953125,1535.1270751953125,1665.470458984375,1590.44091796875,1059.6304931640623,1372.958251953125,1625.6448974609375,1789.034912109375,1738.1361083984375,1784.91650390625,1329.5074462890625,1232.3045654296875,1747.183837890625,1757.1778564453125,1057.1971435546877,1822.0394287109373,1033.0157470703123,1280.7852783203125,1948.188720703125,2006.304931640625,1666.70849609375,1369.7344970703125,540.599609375,1694.00830078125,1635.8043212890625,1493.8680419921875,1919.9344482421875,1586.8902587890625,2039.7127685546875,1727.591064453125,1555.1824951171875,1330.1712646484375,1906.781005859375,1363.7611083984375,1539.7802734375,1499.2841796875,1973.1441650390625,1696.47607421875,1248.9937744140625,1823.5439453125,1767.4603271484375,1455.056396484375,1686.4091796875,1475.045166015625,1822.7218017578125,1608.0411376953125,1692.038330078125,1843.0081787109373,1669.41357421875,1536.5029296875,1557.840087890625,1608.9522705078125
512.6362915039061,539.97412109375,264.35800170898443,497.1724853515625,250.5800018310547,1391.6466064453125,1370.5272216796875,924.4317626953124,1816.4696044921875,335.0679626464844,1545.9398193359375,1636.8388671875,2454.520263671875,2025.415283203125,1822.8819580078125,1422.1611328125,632.2911376953125,1734.161376953125,1814.3194580078125,197.7341461181641,1752.0877685546875,1752.2978515625,342.6400451660156,290.2667236328125,1866.470458984375,1625.463623046875,1869.3990478515625,1751.2449951171875,1744.058349609375,1778.0433349609375,1726.00244140625,1141.0484619140625,1613.9091796875,944.735595703125,1795.50244140625,1732.7568359375,1113.3687744140623,1749.0225830078125,1586.662841796875,1691.0728759765625,1742.081787109375,1596.4051513671875,1942.32666015625,1946.0107421875,1604.82958984375,869.331298828125,1664.3134765625,1900.1414794921875,1768.8609619140625,1502.2117919921875,1182.427978515625,1538.2548828125,1573.3427734375,1846.2222900390625,1551.4776611328125,1680.167236328125,1603.390625,1066.526611328125,1371.7059326171875,1631.086669921875,1773.816162109375,1741.8118896484375,1786.7457275390625,1335.76904296875,1233.6783447265625,1762.0228271484375,1752.15087890625,1067.6337890625,1814.22412109375,1049.26123046875,1271.0911865234375,1936.914306640625,2008.0894775390625,1660.5888671875,1378.6966552734375,545.5392456054689,1686.2454833984375,1637.9715576171875,1493.5167236328125,1929.440185546875,1579.21630859375,2034.3948974609373,1735.2880859375,1558.5341796875,1330.5059814453125,1928.015625,1363.1182861328125,1534.1396484375,1510.5804443359375,1973.756591796875,1702.4296875,1245.2579345703125,1834.324462890625,1739.5850830078125,1458.1578369140625,1706.53662109375,1496.099609375,1837.4547119140625,1601.6907958984375,1701.38330078125,1844.320556640625,1641.1134033203125,1537.0902099609375,1565.8902587890625,1619.16796875
509.6844177246094,525.7003784179689,266.463623046875,492.39947509765625,249.1726226806641,1389.7919921875,1373.072998046875,904.5606689453124,1812.5826416015625,338.94354248046875,1536.007568359375,1631.31689453125,2453.153076171875,2025.695068359375,1822.7623291015625,1416.260986328125,632.27099609375,1733.7119140625,1809.7989501953125,192.2860412597656,1750.23828125,1753.0703125,343.7381896972656,295.2921142578125,1857.22802734375,1622.1500244140625,1868.6634521484373,1763.796875,1737.4058837890625,1772.7872314453125,1721.7906494140625,1155.2694091796875,1612.7225341796875,936.4308471679688,1797.49609375,1735.9183349609375,1110.148193359375,1734.2366943359375,1587.291015625,1686.1563720703125,1735.95068359375,1593.9530029296875,1944.4901123046875,1937.429443359375,1590.0162353515625,888.5691528320312,1663.135009765625,1887.5361328125,1775.916748046875,1497.1439208984375,1187.850830078125,1529.872314453125,1563.60595703125,1850.0765380859373,1560.435546875,1671.7900390625,1594.4273681640625,1064.3997802734377,1370.4117431640625,1631.8115234375,1785.984130859375,1733.871337890625,1780.154052734375,1356.7554931640625,1234.6942138671875,1768.5042724609375,1751.96337890625,1077.6341552734377,1832.4515380859373,1042.474609375,1278.3861083984375,1953.8140869140625,2006.5745849609373,1669.353515625,1385.9066162109375,544.5225830078125,1693.5802001953125,1638.724853515625,1494.9302978515625,1936.5413818359373,1593.141357421875,2043.2415771484373,1758.20068359375,1564.155029296875,1330.840576171875,1918.826904296875,1369.4688720703125,1535.43359375,1506.8089599609375,1973.40771484375,1698.3980712890625,1256.015625,1847.108154296875,1754.5865478515625,1458.178955078125,1706.72802734375,1487.6767578125,1818.6292724609373,1607.0274658203125,1708.917236328125,1833.1571044921875,1655.4027099609375,1533.739990234375,1563.1845703125,1611.3519287109375
519.6730346679689,533.0142822265625,264.673095703125,489.9473571777344,247.8847961425781,1395.44873046875,1379.260498046875,910.8825073242188,1813.7130126953125,337.07037353515625,1551.540771484375,1644.9027099609375,2467.95068359375,2038.6217041015625,1823.1044921875,1430.3419189453125,639.529052734375,1717.7034912109375,1815.04443359375,188.8634490966797,1751.907470703125,1762.5126953125,338.58575439453125,298.5325622558594,1884.5308837890625,1629.3050537109375,1880.6866455078125,1758.6351318359375,1741.0498046875,1773.0198974609375,1718.5135498046875,1151.6519775390625,1609.414794921875,943.6583862304688,1801.80322265625,1731.6634521484375,1103.549072265625,1743.4886474609375,1594.941162109375,1690.042724609375,1747.08349609375,1603.5450439453125,1954.4886474609373,1945.683349609375,1607.629150390625,870.2257690429688,1662.4718017578125,1904.6644287109373,1779.17724609375,1498.0921630859375,1186.5806884765625,1538.7169189453125,1559.0323486328125,1862.9033203125,1563.180908203125,1683.01025390625,1589.457763671875,1070.0059814453123,1369.938232421875,1626.2685546875,1797.8922119140625,1749.97412109375,1793.5477294921875,1362.0338134765625,1235.6578369140625,1779.363525390625,1778.713623046875,1084.677001953125,1847.27197265625,1053.84814453125,1276.387451171875,1964.0997314453125,2008.9404296875,1651.719970703125,1387.093994140625,549.927734375,1697.18212890625,1633.4891357421875,1494.9892578125,1945.01025390625,1569.286376953125,2040.491943359375,1754.4813232421875,1569.58447265625,1339.8109130859375,1912.94921875,1376.2774658203125,1532.331787109375,1515.7672119140625,1964.9188232421875,1689.3505859375,1261.2308349609375,1854.27490234375,1769.05615234375,1466.789794921875,1725.9066162109375,1489.208740234375,1829.547119140625,1616.0921630859375,1700.7352294921875,1835.7855224609373,1656.0341796875,1541.37109375,1565.9808349609375,1615.451904296875
511.8081970214844,536.5572509765625,278.80447387695307,501.7535095214844,250.8218231201172,1397.7281494140625,1377.0662841796875,914.221435546875,1801.6483154296875,340.8381652832031,1541.382568359375,1635.7806396484375,2432.79052734375,2031.3233642578125,1813.0709228515625,1430.9881591796875,629.3655395507812,1727.738525390625,1813.1806640625,194.57601928710938,1754.0164794921875,1760.00537109375,341.8538818359375,295.4515075683594,1866.5413818359373,1625.72509765625,1868.9732666015625,1743.13671875,1746.244873046875,1781.02880859375,1733.4984130859375,1152.12841796875,1608.9879150390625,929.5394897460938,1793.276611328125,1732.9351806640625,1123.45166015625,1731.5472412109375,1585.2398681640625,1688.0,1734.2427978515625,1590.84423828125,1945.6644287109373,1933.2335205078125,1591.2216796875,890.8923950195312,1670.978271484375,1893.61083984375,1761.4599609375,1486.0771484375,1193.5335693359375,1527.685546875,1569.6663818359375,1860.46337890625,1560.5328369140625,1668.322998046875,1602.4017333984375,1075.5732421875,1370.8408203125,1621.223876953125,1780.9393310546875,1736.3507080078125,1791.8687744140625,1358.3863525390625,1230.7103271484375,1772.994873046875,1755.34375,1069.5814208984377,1839.2322998046875,1040.1346435546877,1273.4151611328125,1945.284912109375,2016.180908203125,1651.252197265625,1380.6771240234375,537.9071655273439,1695.4332275390625,1643.3189697265625,1492.468505859375,1933.8984375,1585.772705078125,2035.7301025390625,1747.1397705078125,1557.7637939453125,1327.1636962890625,1913.2742919921875,1364.548583984375,1525.7308349609375,1492.3408203125,1961.3115234375,1694.201904296875,1246.290283203125,1850.6201171875,1747.6544189453125,1466.159912109375,1711.083740234375,1485.695556640625,1814.69775390625,1607.0830078125,1705.089111328125,1830.859375,1654.3046875,1525.98828125,1558.3511962890625,1610.68505859375
511.6037292480469,537.6085815429689,268.3917236328125,495.6388244628906,248.24578857421875,1392.8505859375,1375.3306884765625,922.5401000976562,1808.7314453125,334.8865051269531,1548.80712890625,1622.95556640625,2441.938232421875,2021.8046875,1813.0123291015625,1414.8089599609375,635.0750122070312,1732.6138916015625,1813.096435546875,187.03146362304688,1754.393310546875,1746.4468994140625,351.3721618652344,298.983154296875,1859.2012939453125,1621.045654296875,1857.09130859375,1746.326904296875,1740.636962890625,1780.1781005859375,1730.2271728515625,1157.7926025390625,1607.4971923828125,930.7267456054688,1800.863525390625,1740.63818359375,1133.5853271484375,1736.4237060546875,1584.1661376953125,1681.230224609375,1741.7164306640625,1590.6348876953125,1947.7259521484373,1935.4749755859373,1561.997802734375,878.0148315429688,1678.2581787109375,1919.630126953125,1775.8328857421875,1491.107666015625,1184.4796142578125,1527.848876953125,1566.436279296875,1866.911376953125,1563.4971923828125,1678.880615234375,1598.6790771484375,1064.454833984375,1361.6964111328125,1637.9244384765625,1778.18896484375,1731.3671875,1801.5850830078125,1366.12890625,1229.74951171875,1775.6676025390625,1758.8927001953125,1084.7108154296877,1828.6383056640625,1045.9521484375,1284.6260986328125,1952.57177734375,2014.04052734375,1677.615966796875,1392.0679931640625,554.6673583984375,1695.937255859375,1640.37060546875,1503.6409912109375,1933.6007080078125,1593.04248046875,2033.6527099609373,1739.697998046875,1558.585205078125,1327.6572265625,1912.3929443359373,1370.965576171875,1548.918212890625,1502.79248046875,1970.6402587890625,1695.5439453125,1247.6356201171875,1849.367431640625,1747.011474609375,1467.098388671875,1701.8363037109375,1485.4215087890625,1823.2030029296875,1613.1051025390625,1697.56396484375,1841.2054443359373,1669.429443359375,1532.0491943359375,1551.873046875,1614.9949951171875
510.4638671875,539.0285034179689,275.80352783203125,501.5199279785156,251.18502807617188,1398.7554931640625,1386.4786376953125,905.3350219726562,1798.8167724609375,338.77105712890625,1545.2034912109375,1628.0869140625,2446.674072265625,2030.3629150390625,1805.582275390625,1421.48193359375,627.2904052734375,1725.203125,1824.0816650390625,199.05067443847656,1755.6790771484375,1749.106689453125,348.740966796875,309.9373474121094,1861.0059814453125,1625.7607421875,1888.8375244140625,1752.36865234375,1741.6695556640625,1789.0498046875,1734.47412109375,1162.5738525390625,1611.5023193359375,934.72119140625,1794.5802001953125,1725.1800537109375,1108.5047607421877,1722.0400390625,1580.8475341796875,1678.6307373046875,1733.5458984375,1585.4937744140625,1933.191650390625,1929.4085693359373,1551.4989013671875,889.6415405273438,1668.7425537109375,1907.549560546875,1766.804931640625,1492.2086181640625,1184.2921142578125,1523.7626953125,1576.2252197265625,1840.823974609375,1566.32373046875,1671.273193359375,1597.4278564453125,1061.0435791015623,1370.8126220703125,1639.4140625,1786.96484375,1722.9970703125,1801.0345458984375,1347.7764892578125,1230.248291015625,1769.315185546875,1747.7958984375,1089.2633056640623,1821.298095703125,1056.3304443359377,1285.8218994140625,1963.2833251953125,2000.0999755859373,1668.38037109375,1385.64404296875,545.71240234375,1699.050537109375,1646.2001953125,1496.4769287109375,1941.0269775390625,1595.3629150390625,2038.9744873046875,1741.0380859375,1549.947265625,1310.2391357421875,1896.6502685546875,1371.5504150390625,1545.791748046875,1485.598388671875,1960.3050537109373,1688.8194580078125,1242.33056640625,1847.0654296875,1756.9757080078125,1464.4432373046875,1701.0537109375,1479.14208984375,1813.4326171875,1619.3489990234375,1690.7767333984375,1828.8468017578125,1686.0703125,1531.3778076171875,1554.5469970703125,1621.8193359375
506.17193603515625,542.8324584960939,274.0067749023437,488.5518493652344,242.8900604248047,1399.9959716796875,1377.0035400390625,903.4865112304688,1809.4736328125,334.3841857910156,1547.5316162109375,1631.74267578125,2446.485595703125,2037.2313232421875,1815.3984375,1424.8768310546875,627.161865234375,1727.97802734375,1815.5706787109373,188.9750061035156,1755.000244140625,1753.3460693359375,339.2120666503906,296.6521301269531,1864.5843505859373,1622.7392578125,1879.39990234375,1754.1090087890625,1745.3367919921875,1786.5694580078125,1726.4134521484375,1160.7552490234375,1617.6248779296875,948.3472290039062,1797.140380859375,1731.1234130859375,1123.234619140625,1733.69287109375,1576.35791015625,1680.1011962890625,1743.8446044921875,1589.968994140625,1945.34228515625,1944.9132080078125,1552.5133056640625,888.8787841796875,1671.6181640625,1902.0386962890625,1772.5982666015625,1495.0394287109375,1196.06787109375,1524.0269775390625,1565.9051513671875,1855.0972900390625,1560.3660888671875,1678.7288818359375,1587.8824462890625,1063.155029296875,1368.2156982421875,1629.4202880859375,1788.46875,1733.97412109375,1795.518310546875,1359.1055908203125,1238.658447265625,1775.086181640625,1757.839599609375,1085.852783203125,1831.6761474609373,1059.414794921875,1294.4942626953125,1957.209716796875,2012.30224609375,1658.9775390625,1383.681396484375,538.4470825195311,1702.69580078125,1636.4599609375,1501.32373046875,1937.9107666015625,1584.8809814453125,2039.9794921875,1741.2049560546875,1565.395751953125,1330.4840087890625,1924.002685546875,1364.8466796875,1538.979736328125,1507.9378662109375,1970.82568359375,1692.3890380859375,1250.4658203125,1850.3428955078125,1754.596435546875,1468.5826416015625,1702.4501953125,1492.621337890625,1816.054443359375,1617.4873046875,1719.2034912109375,1836.79833984375,1675.1705322265625,1532.2373046875,1559.112548828125,1612.8026123046875
504.75030517578125,535.5896606445311,274.005126953125,504.62530517578125,245.23208618164062,1395.0855712890625,1367.6739501953125,914.8435668945312,1786.2464599609375,338.4136047363281,1540.7613525390625,1624.5726318359375,2422.647705078125,2017.343505859375,1812.265869140625,1410.547119140625,631.9393920898438,1719.2894287109375,1796.586181640625,192.6996917724609,1753.5333251953125,1751.7322998046875,348.0904235839844,290.9307556152344,1871.4169921875,1621.1527099609375,1862.053466796875,1750.1280517578125,1741.6422119140625,1776.9119873046875,1732.0411376953125,1149.1060791015625,1618.664306640625,924.0408325195312,1795.9537353515625,1728.24365234375,1129.0118408203125,1725.5748291015625,1577.52734375,1673.0078125,1750.472900390625,1593.217041015625,1944.796875,1932.7425537109373,1567.4876708984375,879.578857421875,1673.0531005859375,1905.947998046875,1773.1490478515625,1491.1455078125,1184.4945068359375,1527.4598388671875,1568.5576171875,1863.6312255859373,1570.9337158203125,1676.82958984375,1598.0140380859375,1064.42041015625,1366.7822265625,1626.1060791015625,1795.3468017578125,1742.4757080078125,1798.6689453125,1352.7991943359375,1225.2593994140625,1779.7269287109375,1743.6910400390625,1087.959228515625,1832.097900390625,1038.9591064453123,1278.76708984375,1959.61181640625,2014.40869140625,1657.491943359375,1386.9930419921875,535.822265625,1694.1298828125,1648.555419921875,1497.7015380859375,1942.3521728515625,1572.157470703125,2038.36572265625,1739.8199462890625,1572.9427490234375,1320.550048828125,1913.47412109375,1366.1331787109375,1524.9027099609375,1494.030517578125,1970.5908203125,1692.7808837890625,1251.7708740234375,1849.0811767578125,1750.003662109375,1465.4857177734375,1708.6209716796875,1494.0897216796875,1820.708251953125,1605.6439208984375,1705.7081298828125,1834.39599609375,1653.267578125,1520.660400390625,1549.9437255859375,1603.946044921875
516.9315185546875,530.13427734375,273.99417114257807,495.50390625,244.4908447265625,1392.142822265625,1380.218994140625,920.3507690429688,1811.32177734375,340.6693420410156,1553.5081787109375,1632.493896484375,2458.975830078125,2026.9912109375,1823.6513671875,1404.5693359375,628.1105346679688,1730.072998046875,1810.210693359375,192.4828948974609,1750.2557373046875,1753.116943359375,343.1448974609375,294.7604064941406,1873.9599609375,1626.2431640625,1868.6566162109373,1757.62890625,1733.5941162109375,1778.2208251953125,1731.522216796875,1152.36962890625,1612.772705078125,935.7664184570312,1793.3642578125,1741.4080810546875,1122.493896484375,1747.5904541015625,1577.5413818359375,1677.7646484375,1753.1829833984375,1598.5084228515625,1950.06640625,1946.8118896484373,1585.4417724609375,874.5153198242188,1664.047119140625,1908.3173828125,1790.8232421875,1499.14501953125,1185.886962890625,1530.0113525390625,1566.439453125,1857.726806640625,1563.5098876953125,1676.4810791015625,1600.6033935546875,1069.6326904296877,1364.0980224609375,1631.626220703125,1776.242431640625,1744.0816650390625,1791.3929443359375,1348.7313232421875,1238.7989501953125,1777.2999267578125,1758.2271728515625,1075.1243896484377,1819.4482421875,1057.3397216796877,1265.01953125,1966.7061767578125,2002.683349609375,1664.33154296875,1387.794677734375,543.8250732421875,1699.162109375,1636.65576171875,1502.7481689453125,1933.061279296875,1574.970458984375,2033.991943359375,1737.1583251953125,1565.7021484375,1327.83056640625,1914.461181640625,1376.0264892578125,1547.344970703125,1503.0562744140625,1974.290283203125,1695.861572265625,1252.9852294921875,1842.6038818359373,1749.330810546875,1465.942626953125,1708.394775390625,1483.5914306640625,1825.24853515625,1599.5198974609375,1709.82470703125,1843.778564453125,1663.2818603515625,1531.0888671875,1559.0926513671875,1613.8271484375
513.0680541992189,543.0297241210939,266.96231079101557,491.0745849609375,250.1213531494141,1401.396728515625,1379.248291015625,908.8152465820312,1821.7542724609373,332.17694091796875,1548.2939453125,1623.2698974609375,2439.035888671875,2034.9874267578125,1809.89306640625,1412.9715576171875,636.5745849609375,1718.2427978515625,1815.8206787109373,194.60601806640625,1754.3499755859375,1752.25927734375,348.8050231933594,296.7254638671875,1855.0228271484373,1624.6295166015625,1875.2288818359373,1757.6739501953125,1739.4368896484375,1776.64599609375,1725.3665771484375,1139.9171142578125,1612.2454833984375,929.296142578125,1784.7568359375,1730.65625,1110.3544921875,1742.067626953125,1580.0150146484375,1683.1044921875,1747.120849609375,1600.641845703125,1947.8984375,1930.278564453125,1584.4183349609375,874.864990234375,1672.0802001953125,1897.3524169921875,1770.949462890625,1499.4954833984375,1192.8194580078125,1537.93798828125,1570.1397705078125,1860.804931640625,1565.9390869140625,1665.29296875,1603.2015380859375,1061.5274658203123,1363.9775390625,1636.908935546875,1789.2734375,1747.339599609375,1787.9906005859375,1329.5343017578125,1230.147705078125,1775.9515380859375,1759.0850830078125,1079.800048828125,1823.667724609375,1035.697509765625,1277.50439453125,1961.9981689453125,1998.55859375,1662.2872314453125,1390.0421142578125,532.504638671875,1707.9990234375,1644.6051025390625,1496.0225830078125,1934.073974609375,1584.659423828125,2030.136474609375,1737.2337646484375,1553.0338134765625,1324.4422607421875,1915.0238037109373,1364.130859375,1532.5870361328125,1501.4486083984375,1964.2822265625,1693.9171142578125,1250.6177978515625,1849.1285400390625,1755.6580810546875,1474.8447265625,1700.0633544921875,1479.98583984375,1819.5250244140625,1609.983642578125,1695.9495849609375,1836.63427734375,1665.4381103515625,1533.5966796875,1553.7177734375,1607.763916015625
512.96923828125,543.6768188476561,271.2921142578125,502.1672058105469,249.6456298828125,1400.4990234375,1383.4278564453125,916.5778198242188,1815.8812255859373,332.5555725097656,1552.595458984375,1636.3436279296875,2428.876953125,2031.6256103515625,1824.2626953125,1421.7525634765625,639.4265747070312,1728.5941162109375,1818.0736083984373,186.6551971435547,1760.739013671875,1745.6019287109375,338.4856872558594,304.0157165527344,1870.358154296875,1627.448486328125,1868.8797607421875,1761.2572021484375,1736.2169189453125,1779.7650146484375,1727.8843994140625,1166.5540771484375,1612.0296630859375,939.5065307617188,1797.532470703125,1719.765380859375,1123.8231201171877,1747.644287109375,1589.6107177734375,1687.8988037109375,1743.7559814453125,1600.5269775390625,1939.9534912109373,1937.47412109375,1572.1217041015625,884.0101928710938,1665.8863525390625,1905.99853515625,1759.53515625,1490.523681640625,1196.4078369140625,1530.4962158203125,1562.0992431640625,1870.31640625,1565.466064453125,1670.599365234375,1590.193359375,1066.6640625,1354.6031494140625,1628.788330078125,1782.9407958984375,1733.5224609375,1791.9002685546875,1342.9937744140625,1231.67138671875,1770.2623291015625,1748.2581787109375,1077.8623046875,1825.1842041015625,1035.6776123046877,1282.345458984375,1957.5576171875,2012.6544189453125,1663.3590087890625,1383.9085693359375,548.8302612304689,1690.7720947265625,1638.7847900390625,1510.8199462890625,1939.54833984375,1586.8052978515625,2037.0528564453125,1747.78759765625,1572.109130859375,1336.504150390625,1908.2464599609373,1365.5167236328125,1535.5792236328125,1496.9530029296875,1968.12646484375,1694.2257080078125,1264.6871337890625,1850.570556640625,1749.8223876953125,1465.6578369140625,1705.9208984375,1496.62890625,1829.36962890625,1613.5760498046875,1705.852783203125,1834.8349609375,1642.4453125,1537.310302734375,1556.5499267578125,1627.1669921875
510.4178771972656,538.2725219726561,270.94247436523443,499.9014892578125,248.9302520751953,1392.5106201171875,1371.6116943359375,919.318359375,1799.8511962890625,334.4962463378906,1548.85107421875,1633.7418212890625,2426.440185546875,2028.0771484375,1824.5189208984373,1412.9287109375,640.4375,1726.120849609375,1805.2578125,192.5701141357422,1755.778564453125,1757.526123046875,343.83294677734375,304.0577392578125,1862.283203125,1623.986328125,1863.9669189453125,1752.0390625,1743.10693359375,1774.573974609375,1735.426025390625,1156.6773681640625,1606.2220458984375,930.2789916992188,1795.1507568359375,1730.4794921875,1125.90283203125,1747.6453857421875,1575.6129150390625,1683.7254638671875,1741.2135009765625,1597.359375,1952.165283203125,1940.3289794921875,1582.682373046875,892.3915405273438,1671.821044921875,1913.0523681640625,1788.847900390625,1491.7803955078125,1188.4317626953125,1521.4451904296875,1569.9261474609375,1875.53271484375,1563.2579345703125,1675.4483642578125,1593.4183349609375,1072.09765625,1369.7689208984375,1636.288330078125,1788.830810546875,1734.23291015625,1798.4951171875,1353.6729736328125,1231.50732421875,1775.2933349609375,1747.4287109375,1076.437744140625,1835.9339599609373,1046.22802734375,1278.8297119140625,1954.1871337890625,2009.6865234375,1670.9111328125,1390.0086669921875,546.9720458984375,1693.3658447265625,1643.1427001953125,1493.146240234375,1940.907470703125,1587.63623046875,2041.0682373046875,1744.29833984375,1571.1544189453125,1327.1097412109375,1915.668212890625,1361.7667236328125,1537.752685546875,1509.4569091796875,1958.3558349609373,1691.4730224609375,1255.7724609375,1852.6507568359373,1757.9476318359375,1470.3841552734375,1709.9864501953125,1486.3251953125,1821.06884765625,1613.414794921875,1704.2664794921875,1836.5772705078125,1673.2928466796875,1530.83740234375,1553.843017578125,1615.8521728515625
508.780517578125,538.4390258789061,268.35137939453125,492.563720703125,243.7631378173828,1404.0531005859375,1391.4921875,916.189453125,1826.2666015625,333.2357482910156,1555.697509765625,1629.9097900390625,2458.071533203125,2043.183349609375,1821.1474609375,1422.4501953125,630.0570068359375,1724.4293212890625,1812.0958251953125,188.45265197753903,1752.964599609375,1761.5765380859375,353.0577087402344,298.9020080566406,1877.42431640625,1632.3077392578125,1866.1829833984373,1771.0615234375,1736.360595703125,1776.3519287109375,1727.158203125,1150.3062744140625,1612.6041259765625,934.4483032226562,1792.4315185546875,1735.2430419921875,1134.8206787109375,1748.2401123046875,1591.5284423828125,1688.3226318359375,1743.64990234375,1600.18701171875,1960.6502685546875,1941.54931640625,1576.7125244140625,872.9645385742188,1665.7572021484375,1933.4722900390625,1792.9146728515625,1490.3704833984375,1202.3851318359375,1527.310791015625,1566.625,1873.3363037109373,1571.4422607421875,1685.5252685546875,1593.08056640625,1072.1656494140623,1377.2698974609375,1643.0172119140625,1789.4305419921875,1753.9580078125,1802.8734130859373,1366.2200927734375,1232.912109375,1780.5078125,1758.9066162109375,1093.9183349609377,1832.8245849609373,1054.730224609375,1294.66162109375,1957.99853515625,2009.0931396484373,1669.0478515625,1400.3734130859375,540.2177734375,1705.1009521484375,1647.101806640625,1500.7945556640625,1926.3431396484373,1592.62451171875,2030.4544677734373,1730.5047607421875,1562.6761474609375,1336.621826171875,1907.9320068359373,1373.387451171875,1559.197509765625,1505.817626953125,1954.3375244140625,1696.0579833984375,1255.9853515625,1866.2027587890625,1742.35693359375,1464.9398193359375,1710.0592041015625,1491.3734130859375,1817.658935546875,1613.06689453125,1697.6976318359375,1828.3367919921875,1675.240478515625,1536.664794921875,1558.8133544921875,1621.0361328125
515.5604858398439,539.5064697265625,269.34942626953125,494.2264099121094,245.3738250732422,1398.2037353515625,1382.175048828125,923.82177734375,1827.9736328125,335.5166931152344,1559.3162841796875,1649.2510986328125,2468.234375,2042.75390625,1831.1820068359373,1433.87109375,626.9526977539062,1729.3115234375,1817.7454833984373,195.8365936279297,1762.5328369140625,1766.2349853515625,351.536376953125,306.5152587890625,1874.81298828125,1614.55810546875,1872.677001953125,1756.9825439453125,1743.3546142578125,1781.5791015625,1728.5697021484375,1156.6832275390625,1610.8526611328125,940.8279418945312,1791.0120849609375,1739.3314208984375,1129.9293212890625,1743.0980224609375,1580.068115234375,1684.4383544921875,1736.3106689453125,1598.89794921875,1950.44384765625,1938.1102294921875,1595.7564697265625,876.9896240234375,1666.7518310546875,1906.633056640625,1795.7581787109375,1489.9913330078125,1191.9234619140625,1531.0921630859375,1562.131591796875,1862.8812255859373,1562.853271484375,1685.79638671875,1597.0537109375,1064.701416015625,1364.5706787109375,1638.0721435546875,1797.918212890625,1743.1307373046875,1786.7999267578125,1352.22119140625,1230.886962890625,1785.186279296875,1763.210693359375,1088.771240234375,1827.02197265625,1045.7147216796877,1290.67626953125,1970.514404296875,2003.1190185546875,1675.0001220703125,1383.6129150390625,542.6061401367189,1706.654296875,1641.5975341796875,1493.6943359375,1936.1064453125,1587.728759765625,2040.2535400390625,1743.9107666015625,1570.7587890625,1326.925048828125,1901.7105712890625,1369.881591796875,1547.7012939453125,1495.7841796875,1957.6968994140625,1688.2357177734375,1253.7454833984375,1864.14306640625,1752.53125,1461.917724609375,1709.60498046875,1487.9691162109375,1820.984619140625,1614.872314453125,1699.79833984375,1840.668212890625,1666.3323974609375,1537.1290283203125,1566.2548828125,1613.6273193359375
518.6773681640625,529.1656494140625,265.689453125,489.62786865234375,244.75315856933597,1397.2216796875,1381.7222900390625,911.0028686523438,1816.429931640625,339.22039794921875,1542.204345703125,1628.4456787109375,2458.993896484375,2035.77978515625,1810.4381103515625,1428.1871337890625,634.9880981445312,1726.2818603515625,1821.390869140625,193.37274169921875,1754.64208984375,1751.2855224609375,343.5855407714844,304.7279968261719,1849.6396484375,1626.9859619140625,1870.0281982421875,1762.7596435546875,1740.0595703125,1780.230712890625,1734.380859375,1153.8206787109375,1607.4197998046875,935.73388671875,1784.719970703125,1737.8984375,1119.1982421875,1728.6932373046875,1585.581787109375,1689.0888671875,1737.2835693359375,1598.151611328125,1942.312744140625,1952.35693359375,1598.0758056640625,895.3187866210938,1666.9912109375,1903.38134765625,1786.700439453125,1501.86962890625,1188.0447998046875,1533.2601318359375,1559.716552734375,1854.951904296875,1549.6263427734375,1682.0426025390625,1607.33837890625,1071.8702392578123,1378.839599609375,1626.254150390625,1803.248779296875,1739.7021484375,1797.5850830078125,1329.8375244140625,1245.0947265625,1767.5693359375,1755.5540771484375,1083.0787353515623,1814.293212890625,1053.1043701171877,1276.402587890625,1958.3704833984373,2011.81494140625,1664.2469482421875,1388.344970703125,543.699462890625,1711.212158203125,1639.6094970703125,1501.8978271484375,1927.4105224609373,1588.21337890625,2028.2191162109373,1741.3258056640625,1569.34033203125,1348.6510009765625,1926.5185546875,1362.5010986328125,1524.53515625,1500.2010498046875,1974.1715087890625,1701.64306640625,1268.4063720703125,1847.603515625,1739.27734375,1465.2689208984375,1698.9423828125,1499.6680908203125,1832.6922607421875,1617.314697265625,1721.6458740234375,1845.6156005859373,1652.8289794921875,1542.8843994140625,1566.861572265625,1626.163818359375
520.7990112304689,532.51416015625,266.07937622070307,492.2455139160156,246.65049743652344,1397.4051513671875,1380.2376708984375,917.9080200195312,1817.8382568359373,337.7774353027344,1537.38232421875,1626.0294189453125,2459.3564453125,2036.3486328125,1820.2391357421875,1416.9658203125,634.04736328125,1726.0797119140625,1813.71240234375,193.7989959716797,1752.99853515625,1743.557373046875,331.8893737792969,293.1177978515625,1869.3426513671875,1623.0916748046875,1875.406005859375,1763.8797607421875,1730.37109375,1773.2337646484375,1737.2484130859375,1148.9439697265625,1610.294189453125,939.8489990234376,1816.0797119140625,1751.4149169921875,1133.045654296875,1732.7025146484375,1590.211669921875,1690.4749755859375,1719.995849609375,1593.5628662109375,1953.70556640625,1950.7257080078125,1600.1651611328125,883.7244262695312,1663.0068359375,1908.9278564453125,1787.4150390625,1495.253662109375,1187.034423828125,1530.1685791015625,1560.5823974609375,1853.20166015625,1556.14404296875,1673.6451416015625,1610.505126953125,1069.4979248046877,1367.86279296875,1630.991943359375,1784.147216796875,1751.3968505859375,1786.0789794921875,1339.3753662109375,1232.5372314453125,1765.2088623046875,1763.55615234375,1075.238525390625,1828.4954833984373,1048.3116455078123,1274.0218505859375,1946.975341796875,2013.3238525390625,1668.324462890625,1390.0601806640625,548.9346313476561,1700.25634765625,1631.951904296875,1497.101318359375,1926.6727294921875,1583.296875,2036.245849609375,1736.7427978515625,1568.6268310546875,1334.9107666015625,1911.4755859375,1358.740478515625,1549.1441650390625,1504.9423828125,1968.8289794921875,1705.3419189453125,1256.6949462890625,1844.7705078125,1742.113037109375,1448.35302734375,1707.1175537109375,1503.9736328125,1834.2216796875,1600.755126953125,1704.4407958984375,1833.5799560546875,1662.4407958984375,1528.44873046875,1549.1331787109375,1623.935546875
513.5786743164061,532.4835815429689,267.2050170898437,496.6497802734375,243.05014038085938,1400.4619140625,1377.5802001953125,909.6065063476562,1808.8082275390625,336.4494323730469,1552.4256591796875,1641.06298828125,2448.104248046875,2037.7010498046875,1809.57958984375,1410.7222900390625,625.156494140625,1724.469970703125,1814.4058837890625,190.8728179931641,1754.9033203125,1747.6075439453125,346.3427734375,295.3207092285156,1865.4287109375,1628.6055908203125,1864.67724609375,1755.9263916015625,1734.0946044921875,1771.7587890625,1732.052001953125,1160.2803955078125,1606.7177734375,936.0431518554688,1799.0880126953125,1730.0894775390625,1126.688232421875,1735.2491455078125,1582.0445556640625,1678.9910888671875,1730.37255859375,1600.7445068359375,1960.0775146484373,1945.9083251953125,1587.0977783203125,869.085205078125,1668.852294921875,1917.1175537109373,1786.080810546875,1495.885986328125,1190.526123046875,1534.9981689453125,1563.42431640625,1858.2816162109373,1572.0885009765625,1676.5888671875,1603.3441162109375,1064.60986328125,1372.785400390625,1638.3441162109375,1780.9876708984375,1734.56884765625,1797.1390380859375,1359.4658203125,1241.4000244140625,1774.3453369140625,1756.958251953125,1079.58935546875,1833.073974609375,1041.6370849609377,1293.6539306640625,1952.7742919921875,2016.48291015625,1675.1619873046875,1383.14892578125,543.235107421875,1696.9359130859375,1648.83740234375,1491.8226318359375,1938.7547607421875,1595.302001953125,2038.687744140625,1750.5135498046875,1569.1787109375,1324.6597900390625,1903.51904296875,1355.65625,1533.806640625,1503.816162109375,1969.33349609375,1694.4552001953125,1248.8907470703125,1847.1968994140625,1752.3284912109375,1466.3896484375,1711.531005859375,1491.6070556640625,1824.6033935546875,1610.778564453125,1716.7808837890625,1830.4224853515625,1667.7034912109375,1536.2379150390625,1565.8292236328125,1608.496826171875
