#1,#2,#3,#4,#5,#6,#7,#8,#9,#10,#11,#12,#13,#14,#15,#16,#17,#18,#19,#20,#21,#22,#23,#24,#25,#26,#27,#28,#29,#30,#31,#33,#34,#36,#38,#39,#40,#44,#47,#57,#58,#59,#61,#63,#71,#72,#73,#76,#78,#80,#81,#84,#85,#87,#88,#89,#90,#91,#92,#93,#94,#95,#96,#97,#98,#99,#100,#101,#102,#103,#104,#105,#107,#108,#109,#110,#111,#112,#113,#114,#115,#116,#117,#120,#121,#122,#124,#125,#127,#128,#130,#131,#132,#134,#136,#137,#138,#140,#141,#143,#144,#146,#150,#151,#155
152.26925659179688,322.2784423828125,45.02744674682617,180.75376892089844,55.95075607299805,733.3885498046875,968.3421020507812,591.15283203125,1035.882568359375,48.94144058227539,915.8308715820312,1064.3458251953123,989.2280883789062,1023.8273315429688,967.4869384765624,821.5573120117188,437.2730407714844,921.425048828125,914.2973022460938,64.82598114013672,915.4161376953124,954.6075439453124,53.953857421875,44.03294372558594,942.9652709960938,861.4442138671875,978.40771484375,1036.3687744140623,982.212158203125,940.074951171875,936.6227416992188,885.3043823242188,896.9851684570312,517.1720581054689,1011.5901489257812,881.39599609375,757.8273315429688,997.483642578125,884.7298583984375,978.8890991210938,1114.9761962890623,942.94287109375,1146.899169921875,1001.8656616210938,906.5115356445312,383.9927368164063,938.5772094726562,1059.796630859375,1062.0673828125,948.1673583984376,934.831298828125,881.3018188476562,893.4125366210938,995.0473022460938,859.73388671875,981.6585083007812,977.3878784179688,275.5157470703125,953.59814453125,947.4806518554688,979.0411376953124,987.0955810546876,996.0073852539062,716.8935546875,1064.31591796875,912.5258178710938,933.6834716796876,465.5929870605469,848.46826171875,189.1154022216797,546.4430541992189,1031.8829345703123,993.1421508789062,1011.1837158203124,1011.9794311523438,132.45869445800778,925.8981323242188,937.18603515625,907.3888549804688,927.2578125,937.809814453125,922.6482543945312,943.9469604492188,1015.7205200195312,806.6476440429688,968.1436157226562,815.928955078125,724.2324829101562,978.1163940429688,1052.7216796875,1021.79931640625,793.3359985351562,1025.4461669921877,921.53857421875,904.014404296875,896.6510009765625,936.0079345703124,988.8985595703124,933.7044677734376,1052.95703125,1025.384521484375,959.4835815429688,962.7396240234376,962.409423828125,952.1669311523438
155.35806274414062,324.838623046875,47.4492301940918,182.3379364013672,57.071937561035156,739.5457153320312,965.5270385742188,584.1292114257812,1038.966552734375,51.87248611450195,907.5796508789062,1055.1136474609377,987.9326782226562,1018.0916137695312,966.1924438476562,822.5017700195312,453.26470947265625,920.0701904296876,909.34912109375,67.09409332275389,912.6154174804688,953.6700439453124,54.1589241027832,44.248924255371094,937.4896240234376,861.404296875,969.53515625,1040.6448974609377,981.7335815429688,938.7771606445312,933.9411010742188,877.103515625,892.885498046875,523.1223754882811,1013.7625122070312,879.4571533203125,749.5685424804688,1003.7625122070312,886.8425903320312,981.2393188476562,1094.78271484375,941.5759887695312,1149.258544921875,1006.96044921875,918.4884643554688,385.52130126953125,941.482421875,1062.991943359375,1058.6214599609377,949.6305541992188,940.3042602539062,882.5897216796875,893.0313720703125,991.8263549804688,849.3582763671875,978.6338500976562,978.248046875,265.39218139648443,957.2119750976562,946.2406616210938,971.68798828125,988.9871215820312,989.3981323242188,714.5272827148438,1057.7139892578123,909.3999633789062,936.1663208007812,465.8921813964844,849.472900390625,191.40298461914062,547.2229614257811,1032.1298828125,986.4932250976562,1015.138916015625,1009.4097290039062,128.19554138183594,930.1128540039062,936.6188354492188,906.208984375,930.62451171875,937.6907348632812,925.40966796875,948.4260864257812,1014.4161987304688,810.3595581054688,968.94091796875,811.73193359375,723.5222778320312,975.9171752929688,1050.3897705078123,1025.309814453125,800.5625,1017.4110717773438,923.4210815429688,911.30419921875,895.942138671875,933.880859375,995.22509765625,934.7557373046876,1051.7059326171877,1030.232177734375,961.4606323242188,962.6937866210938,966.55810546875,948.5638427734376
152.28831481933594,325.0211181640625,45.40768432617188,185.0475006103516,56.11452865600586,745.501220703125,968.3990478515624,595.02001953125,1033.166748046875,50.19726943969727,914.6694946289062,1061.6396484375,985.3021240234376,1017.0805053710938,965.8480834960938,822.8375244140625,437.2200927734375,923.3745727539062,911.7843627929688,65.55918121337889,913.5333862304688,956.59326171875,54.85523223876953,46.19186401367188,944.7232666015624,863.08984375,971.2605590820312,1040.5040283203123,979.7594604492188,935.54833984375,934.7678833007812,876.80224609375,890.7357177734375,523.1395263671875,1018.8488159179688,890.3216552734375,745.8361206054688,1010.7967529296876,886.3704833984375,987.2222290039062,1114.3232421875,943.7498779296876,1150.2476806640625,1007.1929321289062,921.0086059570312,388.0933532714844,934.4854736328124,1059.6845703125,1058.439453125,951.516357421875,940.1212158203124,889.292236328125,900.731689453125,992.17431640625,855.9109497070312,976.1533813476562,980.5255126953124,270.418701171875,953.8416137695312,949.68212890625,977.2982177734376,991.3204956054688,993.903076171875,714.7125854492188,1052.6832275390623,918.8187866210938,932.0557250976562,468.68743896484375,852.1175537109375,190.1125030517578,549.8383178710939,1031.08740234375,988.0545654296876,1016.6043701171876,1003.1560668945312,128.40184020996094,929.2208251953124,936.8079833984376,904.8539428710938,929.8868408203124,934.791015625,928.1599731445312,943.7453002929688,1010.1427001953124,806.2374267578125,963.4880981445312,810.33056640625,723.7957153320312,971.5525512695312,1048.2994384765623,1022.57177734375,789.9922485351562,1020.1828002929688,919.919189453125,913.4136352539062,893.8521728515625,920.7029418945312,993.0059814453124,930.2933959960938,1049.088623046875,1025.38037109375,957.805419921875,964.6316528320312,967.09033203125,954.541748046875
152.16986083984375,331.7416076660156,47.24014282226562,184.6120147705078,57.77418899536133,738.47607421875,963.6780395507812,591.0517578125,1024.3070068359377,50.70643997192383,914.4478759765624,1056.9432373046877,973.3189697265624,1020.6209106445312,961.7410278320312,818.5822143554688,439.4675598144531,922.9370727539062,908.254638671875,64.16364288330078,913.24462890625,953.322998046875,53.20574188232422,45.8160514831543,941.7719116210938,858.9276733398438,968.7725219726562,1029.950927734375,978.4437866210938,940.1849365234376,931.5016479492188,864.9070434570312,888.22314453125,513.2853393554689,1012.6583862304688,882.1036376953125,738.9241333007812,1000.6787719726562,878.1959228515625,973.8359375,1101.484619140625,936.8634643554688,1147.7890625,1002.817138671875,917.985107421875,381.6452026367188,940.9351196289062,1064.3369140625,1052.9327392578123,956.7056884765624,941.8465576171876,886.389404296875,898.397705078125,989.6287841796876,856.0027465820312,975.7905883789062,976.81103515625,273.6630859375,955.96826171875,945.4885864257812,977.8302001953124,992.9447021484376,997.72998046875,711.1734619140625,1056.873046875,916.5523071289062,936.1804809570312,465.8605651855469,847.1795654296875,192.50955200195312,546.579833984375,1026.004150390625,986.6069946289062,1007.1148071289062,1006.9024658203124,129.38456726074222,931.1549072265624,935.796875,908.6539916992188,926.3888549804688,934.3655395507812,925.1434936523438,946.8798217773438,1006.1534423828124,813.8185424804688,962.7484741210938,804.8008422851562,726.2703247070312,982.6357421875,1048.333984375,1022.91064453125,797.3790893554688,1013.872802734375,909.3092041015624,912.1415405273438,895.9191284179688,937.1723022460938,985.2555541992188,929.0407104492188,1051.1490478515623,1029.988037109375,955.6763916015624,963.089111328125,967.0612182617188,948.4937133789062
151.41941833496094,325.385009765625,48.55990982055664,183.3061981201172,58.75678634643555,735.6304931640625,962.0859375,585.360595703125,1030.265380859375,50.68658447265625,911.692626953125,1057.04296875,978.1906127929688,1017.8493041992188,967.3189697265624,819.1115112304688,438.4698791503906,919.4867553710938,912.0237426757812,64.81075286865234,905.3303833007812,957.6002197265624,55.02271270751953,45.174522399902344,938.1533813476562,862.25830078125,972.1737060546876,1029.991943359375,980.17041015625,940.52197265625,931.41650390625,873.57080078125,890.143310546875,510.54034423828125,1016.86376953125,881.5913696289062,738.7449951171875,993.5432739257812,888.63134765625,974.7418823242188,1106.2711181640623,939.0119018554688,1146.8564453125,1000.67578125,917.6472778320312,388.05841064453125,941.854736328125,1060.7625732421877,1061.5863037109377,949.9913940429688,934.3778686523438,887.0721435546875,897.9304809570312,991.2357177734376,857.2183227539062,978.0608520507812,980.5380249023438,275.67935180664057,957.6128540039062,946.0933227539062,972.86962890625,989.2596435546876,987.0211791992188,717.381591796875,1056.1444091796877,917.743408203125,934.8465576171876,461.9414978027344,850.1173706054688,191.3306884765625,547.4229736328125,1024.1658935546877,984.35546875,1014.5413208007812,1002.8497924804688,131.9591064453125,925.3467407226562,936.2098999023438,902.4351196289062,926.2341918945312,936.5906982421876,925.6837768554688,945.71435546875,1003.1439208984376,807.0900268554688,965.9187622070312,803.6805419921875,722.5963745117188,983.026123046875,1044.3553466796877,1018.2263793945312,793.8927612304688,1010.393798828125,910.53125,905.1499633789062,896.0858154296875,935.6964721679688,986.7337646484376,929.2256469726562,1055.9481201171877,1026.9163818359377,954.5997314453124,965.3265991210938,966.4398803710938,951.35595703125
151.96412658691406,324.0985412597656,47.5463981628418,181.9686737060547,57.07327270507813,739.421630859375,963.33203125,590.03369140625,1032.6280517578123,49.4766960144043,912.2289428710938,1059.5341796875,979.315673828125,1014.5797729492188,965.3825073242188,824.1356201171875,439.9671936035156,920.2552490234376,911.37646484375,63.592323303222656,909.4478759765624,959.021484375,55.1462516784668,46.4417724609375,936.85009765625,860.4537963867188,960.587890625,1028.5833740234377,980.77783203125,940.5126342773438,927.1401977539062,868.266845703125,893.5629272460938,516.56201171875,1021.9085083007812,896.8326416015625,730.1680908203125,999.084716796875,888.6441040039062,980.40625,1101.386474609375,937.9031982421876,1142.777587890625,1005.1170043945312,917.5578002929688,382.9610900878906,944.2355346679688,1060.2557373046877,1056.9521484375,952.5386352539062,943.7213745117188,886.1167602539062,898.912841796875,991.2785034179688,861.992919921875,984.623046875,978.0659790039062,272.18106079101557,953.82763671875,949.6740112304688,980.4669799804688,990.5377197265624,995.4203491210938,715.6907958984375,1054.8634033203123,916.7078247070312,935.431640625,459.4571838378906,851.7633056640625,188.5216064453125,547.4620361328125,1032.328857421875,998.7573852539062,1009.7756958007812,1001.0584106445312,133.83026123046878,932.9306030273438,936.8646240234376,905.5776977539062,923.8068237304688,938.1036376953124,926.6697998046876,939.34814453125,1010.0321655273438,809.60595703125,971.8988647460938,800.796630859375,721.6185302734375,979.3823852539062,1057.942626953125,1022.1161499023438,789.5157470703125,1013.8350219726562,910.8845825195312,905.5285034179688,888.3660278320312,921.0604248046876,989.0384521484376,932.6550903320312,1050.9703369140623,1030.3121337890623,954.8451538085938,959.9273071289062,967.7653198242188,950.2232666015624
150.22366333007812,323.79669189453125,45.84074020385742,183.26583862304688,57.03225326538086,740.6390380859375,961.2418823242188,585.1082153320312,1027.3536376953123,49.70624923706055,911.5634155273438,1062.8223876953123,977.3180541992188,1015.145751953125,963.0679321289062,823.4063720703125,438.4028015136719,918.6062622070312,908.2341918945312,65.21015930175781,909.6390991210938,960.423828125,52.18857192993164,42.65879821777344,939.3810424804688,862.143310546875,962.4730834960938,1033.7109375,980.5283813476562,939.260986328125,931.5088500976562,870.6224365234375,890.0803833007812,514.6204833984375,1017.2015991210938,889.2498779296875,742.5587768554688,1000.4871215820312,885.2692260742188,980.44775390625,1099.4234619140623,934.99951171875,1147.8343505859375,1000.6033935546876,926.25634765625,385.1654968261719,939.2136840820312,1059.2225341796877,1053.63525390625,946.5186157226562,944.671875,883.6310424804688,897.6888427734375,994.1382446289062,861.0089721679688,984.3138427734376,975.70263671875,272.37710571289057,955.0684814453124,947.1552124023438,986.3058471679688,993.4208984375,997.4741821289062,714.025146484375,1055.88671875,921.8244018554688,935.6506958007812,457.325927734375,854.9400024414062,187.6096954345703,546.5957641601561,1024.959228515625,992.5108032226562,1002.285400390625,1003.1036987304688,133.75462341308594,935.5545654296876,931.6135864257812,905.72802734375,926.1765747070312,934.0440673828124,926.7884521484376,939.9041137695312,1006.3609008789062,814.4303588867188,973.51025390625,803.4617309570312,715.4288940429688,976.0455322265624,1056.0740966796877,1022.7080688476562,795.7894287109375,1019.82666015625,916.3479614257812,907.43701171875,892.6415405273438,916.4661865234376,989.8982543945312,933.7243041992188,1043.3336181640623,1033.0113525390623,952.637939453125,958.1857299804688,970.0018310546876,948.45458984375
150.35935974121094,326.857666015625,47.80021667480469,182.62705993652344,56.88096237182617,736.48876953125,962.30810546875,588.5868530273438,1026.224853515625,49.87175750732422,911.9104614257812,1063.4176025390623,975.1221313476562,1019.8566284179688,958.2316284179688,824.0199584960938,434.4818115234375,924.1156616210938,907.9996948242188,62.64316940307617,913.02587890625,960.8745727539062,55.34846496582031,44.44587326049805,937.4169311523438,863.0724487304688,963.6447143554688,1028.1253662109377,974.0818481445312,939.1610717773438,927.6566772460938,862.7081298828125,890.0521240234375,510.07843017578125,1013.0836181640624,891.2648315429688,744.1453857421875,997.053955078125,887.3259887695312,976.5958251953124,1100.1949462890623,941.8518676757812,1143.7464599609375,1001.1111450195312,917.6072998046876,379.0063781738281,936.6083374023438,1052.8055419921877,1057.079345703125,946.366455078125,936.9075927734376,891.8828125,896.0824584960938,987.8880615234376,866.18017578125,978.5361938476562,978.7546997070312,270.99758911132807,954.0758666992188,947.4974365234376,975.1906127929688,987.7655029296876,996.75732421875,715.1143798828125,1046.1990966796877,922.0952758789062,936.9929809570312,458.5962219238281,852.03173828125,186.6749267578125,544.75,1027.560302734375,992.3595581054688,1010.542724609375,996.649658203125,128.93598937988278,934.4569091796876,935.299560546875,905.5936279296876,926.86767578125,934.4703979492188,925.7371215820312,944.5657958984376,1009.22607421875,812.2728271484375,964.8201904296876,804.77099609375,720.4837646484375,977.8985595703124,1046.8277587890623,1025.2496337890623,789.4061889648438,1017.2344970703124,914.1254272460938,911.0468139648438,896.5720825195312,923.45751953125,989.477783203125,932.6470947265624,1050.7373046875,1037.2745361328123,950.4669189453124,962.1451416015624,960.9929809570312,950.8115844726562
149.8961944580078,325.6226501464844,47.48942184448242,184.1119384765625,58.07506561279297,731.6791381835938,965.0294799804688,588.2700805664062,1028.716552734375,51.321083068847656,912.4441528320312,1062.8448486328123,975.3779907226562,1024.34619140625,959.8800659179688,831.613525390625,439.3051452636719,920.2169189453124,912.09375,66.05206298828125,912.6817626953124,954.28662109375,54.15402221679688,42.207374572753906,940.3829345703124,863.5647583007812,965.7124633789062,1031.9359130859377,973.4373168945312,941.557861328125,929.7348022460938,867.89111328125,885.6725463867188,514.68115234375,1011.7863159179688,882.415283203125,744.0692138671875,999.0072021484376,885.1036987304688,978.6739501953124,1102.1351318359377,939.0634155273438,1142.6336669921875,1001.7825927734376,921.7232666015624,381.8968200683594,939.2177124023438,1061.2039794921877,1052.41064453125,953.4285278320312,937.3345947265624,891.8907470703125,895.9526977539062,987.5015258789062,851.2055053710938,978.5191040039062,979.588623046875,275.53042602539057,954.9019165039062,943.4434814453124,977.35888671875,989.5357666015624,996.2525634765624,710.8871459960938,1060.67626953125,916.3493041992188,936.0402221679688,464.1849365234375,851.2265014648438,186.2918701171875,544.9461059570311,1024.8419189453123,981.9620971679688,1011.9971923828124,1007.162841796875,132.05024719238278,932.7645874023438,935.584716796875,914.4552612304688,926.6173095703124,937.302734375,927.5078735351562,945.9971313476562,1006.8552856445312,810.5618896484375,969.9898071289062,805.0095825195312,721.9178466796875,981.4320678710938,1053.6883544921877,1020.6346435546876,795.8494262695312,1005.7562866210938,912.1173706054688,911.6403198242188,897.7952270507812,923.4714965820312,986.2069091796876,934.8231811523438,1047.775390625,1022.37158203125,949.9453735351562,962.3175659179688,966.9293823242188,949.6953125
150.66322326660156,324.2064514160156,45.83091354370117,182.5647125244141,56.78823852539063,732.18701171875,961.89208984375,588.27783203125,1030.6072998046877,49.608154296875,911.110595703125,1059.4561767578123,969.878173828125,1021.0960083007812,963.6900634765624,825.1692504882812,438.46710205078125,923.3422241210938,913.2058715820312,61.66444778442383,913.6209106445312,956.0242309570312,52.12247085571289,43.6549186706543,947.73779296875,861.3851318359375,965.9526977539062,1035.4093017578123,974.0272216796876,939.7965698242188,933.2582397460938,872.24658203125,890.6355590820312,520.0003051757811,1013.1648559570312,882.1690063476562,744.2651977539062,1009.2208862304688,876.5963134765625,978.183837890625,1102.6837158203123,938.77978515625,1151.331787109375,1003.81103515625,919.2172241210938,381.982177734375,934.8356323242188,1063.152587890625,1059.1796875,950.7417602539062,935.0986938476562,878.5450439453125,898.3743896484375,992.38134765625,852.8193969726562,977.3225708007812,976.4620971679688,271.007080078125,954.3101196289062,946.0366821289062,973.4381103515624,991.2058715820312,996.0645751953124,714.5286254882812,1056.6893310546877,912.372314453125,937.816162109375,470.0172119140625,849.3009643554688,189.84732055664062,548.4600830078125,1026.8291015625,988.8673095703124,1008.022705078125,1003.6435546875,131.23646545410156,921.5783081054688,935.5160522460938,907.655517578125,929.3162841796876,938.700927734375,923.8328247070312,947.3184814453124,1004.0982666015624,811.24365234375,965.9464721679688,807.9892578125,721.715576171875,975.2888793945312,1060.7421875,1025.017333984375,794.5156860351562,1011.8114624023438,915.8147583007812,914.2147216796876,896.7247314453125,915.8136596679688,984.0263061523438,931.5203247070312,1044.797119140625,1038.1136474609377,951.81201171875,966.7573852539062,962.7003173828124,951.6556396484376
152.01132202148438,322.24993896484375,47.10635375976562,183.5513916015625,56.59696960449219,737.45361328125,964.08056640625,592.6820678710938,1033.2796630859377,50.38116073608398,912.5824584960938,1062.2802734375,971.5736083984376,1019.21240234375,965.05419921875,829.2335815429688,441.52630615234375,918.39990234375,909.5127563476562,65.96855163574219,915.460205078125,955.6107177734376,54.577674865722656,44.2454948425293,946.7980346679688,862.6193237304688,967.9129028320312,1031.355224609375,976.11572265625,938.8348999023438,929.1859741210938,873.4517822265625,891.8414916992188,521.8474731445311,1017.7405395507812,878.325439453125,742.7691040039062,1004.1292114257812,884.28125,985.1140747070312,1100.10302734375,942.3516845703124,1149.7735595703125,1007.1270751953124,922.3838500976562,383.4977111816406,939.7683715820312,1063.4661865234377,1055.15576171875,951.4776611328124,932.339111328125,892.9822998046875,896.3368530273438,990.39404296875,854.1808471679688,976.2088623046876,979.5802612304688,273.35702514648443,953.143310546875,947.4923706054688,984.0526123046876,991.8681030273438,987.989501953125,717.2876586914062,1056.11083984375,909.9427490234376,933.2296752929688,466.3201599121094,853.5767822265625,187.9049072265625,547.6021728515625,1030.05078125,981.35888671875,1014.132568359375,1001.6453247070312,126.36720275878906,929.98095703125,933.9286499023438,908.6460571289062,930.8831176757812,937.4050903320312,926.2880249023438,943.64208984375,999.6331176757812,806.9721069335938,959.181640625,809.8916625976562,718.0359497070312,976.9815063476562,1049.951171875,1019.03125,792.0626831054688,1008.33056640625,915.9063720703124,911.94580078125,898.11767578125,911.7874145507812,987.3846435546876,930.4171752929688,1032.0562744140623,1022.85107421875,950.432373046875,962.5203247070312,966.0425415039062,950.20458984375
150.85752868652344,324.589111328125,48.28205871582031,182.3972930908203,57.93202209472656,728.7931518554688,964.97412109375,593.2859497070312,1031.181640625,50.85206985473633,915.1987915039062,1059.6195068359377,977.7588500976562,1014.0608520507812,964.8209228515624,820.279052734375,444.697509765625,918.5216674804688,912.5462646484376,63.3395881652832,910.5070190429688,952.84765625,54.09575271606445,43.16522216796875,946.4279174804688,858.6072998046875,963.4014282226562,1037.803466796875,974.3308715820312,935.0232543945312,930.6882934570312,879.208984375,890.9822998046875,520.1593627929689,1008.8290405273438,872.455078125,746.61962890625,1009.17626953125,884.0750122070312,977.2657470703124,1115.3709716796877,941.7785034179688,1147.385009765625,1008.2567749023438,916.0677490234376,384.02838134765625,940.1243896484376,1063.447265625,1055.5565185546877,952.8416748046876,940.2367553710938,882.009765625,898.1754760742188,988.4229125976562,854.79833984375,976.2205810546876,975.2108154296876,267.0419921875,951.604248046875,948.9993896484376,981.2612915039062,996.969970703125,996.8885498046876,719.2384643554688,1060.065673828125,916.205078125,936.6153564453124,465.8456115722656,849.6873168945312,188.28900146484372,548.1083984375,1031.518310546875,985.8975219726562,1011.7147216796876,1009.7884521484376,131.78779602050778,929.5755615234376,934.9197998046876,913.75048828125,936.4462280273438,936.7387084960938,926.4576416015624,947.8036499023438,1003.8712768554688,811.9758911132812,967.6618041992188,809.7999267578125,721.4352416992188,979.8336791992188,1053.476806640625,1025.509521484375,796.6666870117188,1011.3912353515624,919.7750854492188,916.93603515625,894.2328491210938,926.0943603515624,991.4254760742188,931.61181640625,1051.9644775390623,1032.611083984375,950.6589965820312,968.9705200195312,974.278564453125,951.2254028320312
151.14718627929688,324.91448974609375,47.03911972045898,181.18194580078125,59.19870376586914,743.4436645507812,967.30322265625,585.58544921875,1036.40771484375,49.61621475219727,910.5703125,1056.2496337890623,988.674560546875,1010.1119384765624,969.3900146484376,815.1296997070312,440.175537109375,917.829345703125,911.1087646484376,63.44621658325195,913.8889770507812,951.77880859375,52.21731948852539,45.196083068847656,938.0480346679688,865.0736083984375,966.4739990234376,1041.5689697265623,977.90771484375,936.0142822265624,937.744140625,881.487060546875,888.584716796875,517.8345336914061,1007.7059936523438,885.848388671875,750.218505859375,1004.8807983398438,889.0016479492188,980.4456176757812,1096.7703857421877,939.6891479492188,1140.688232421875,1004.30859375,918.10302734375,382.4884948730469,940.651611328125,1056.011474609375,1053.0072021484377,946.9332885742188,936.0339965820312,888.6170043945312,889.5911865234375,987.9221801757812,851.21337890625,972.45166015625,977.0049438476562,270.69439697265625,956.591796875,947.1829833984376,969.91845703125,987.4490966796876,992.165283203125,713.9210205078125,1058.1468505859377,910.25146484375,933.6505126953124,457.02471923828125,845.6130981445312,192.0823974609375,545.127197265625,1031.2364501953123,976.211669921875,1010.6948852539062,1004.7316284179688,131.84654235839844,923.72705078125,934.6868896484376,907.5459594726562,927.2591552734376,936.261962890625,923.2465209960938,945.84228515625,1000.3662719726562,816.9197998046875,969.3523559570312,809.8235473632812,715.1822509765625,977.2552490234376,1045.1156005859377,1023.90478515625,797.9385986328125,1011.7946166992188,918.7781372070312,907.580078125,897.854736328125,912.88232421875,990.8931884765624,928.0857543945312,1043.23486328125,1033.6632080078123,959.8407592773438,961.866455078125,966.9376831054688,951.8302001953124
149.9754180908203,331.9873046875,48.5892333984375,187.4834442138672,59.21359252929688,736.5447387695312,974.442626953125,593.9049682617188,1034.3074951171877,49.666221618652344,918.2847290039062,1059.7471923828123,983.1148071289062,1017.05908203125,965.04736328125,823.810791015625,436.3865661621094,920.208251953125,911.792236328125,64.65781402587889,914.3141479492188,948.8841552734376,55.33922576904297,45.538795471191406,942.2267456054688,859.2547607421875,969.1051635742188,1037.7164306640623,981.8143310546876,937.70556640625,932.4432373046876,878.83740234375,890.2003784179688,519.3805541992189,1006.1865844726562,891.137939453125,750.4241943359375,999.9677734375,888.5529174804688,976.3790893554688,1094.2906494140623,934.020263671875,1140.014404296875,1005.5413208007812,920.8283081054688,386.444580078125,932.369873046875,1058.0750732421877,1054.8155517578123,946.354248046875,937.1325073242188,884.3604125976562,896.7112426757812,993.6346435546876,849.5869140625,973.8960571289062,975.9608154296876,271.35064697265625,949.481689453125,949.2439575195312,965.134033203125,986.3546752929688,986.2960815429688,711.838134765625,1058.203369140625,911.4260864257812,935.64306640625,457.9613342285156,847.370849609375,189.5370635986328,546.6195068359375,1033.5035400390623,978.893310546875,1011.5599975585938,1004.5758666992188,131.12397766113278,918.7916259765624,934.800048828125,900.49169921875,926.3170166015624,936.7767944335938,929.5851440429688,947.033935546875,996.9519653320312,804.2705078125,964.6720581054688,812.4136352539062,719.5382690429688,967.9019165039062,1040.3419189453123,1014.8592529296876,792.24951171875,1016.6378784179688,919.5652465820312,911.2627563476562,896.0814208984375,915.930419921875,983.8132934570312,930.0916748046876,1043.8968505859377,1020.4456176757812,959.3717041015624,964.9647216796876,960.2476196289062,945.709716796875
152.06399536132812,324.2081298828125,48.57578659057617,184.8662872314453,56.955284118652344,739.1393432617188,971.2429809570312,590.3495483398438,1029.9754638671877,51.02474975585938,912.0153198242188,1052.40234375,985.81396484375,1013.26513671875,960.1192016601562,816.7483520507812,440.9996032714844,921.4949340820312,909.3951416015624,64.27713775634766,914.665283203125,947.3683471679688,53.92324829101562,44.26342391967773,939.9920043945312,865.9588623046875,970.326904296875,1032.9505615234377,981.7755126953124,946.7149658203124,932.6298217773438,869.5668334960938,890.39306640625,521.0159912109375,1010.909423828125,878.9490356445312,743.7138061523438,997.43115234375,882.3578491210938,969.90283203125,1100.920654296875,935.2312622070312,1146.574462890625,999.68701171875,924.1404418945312,382.913818359375,937.7941284179688,1056.0682373046877,1057.373779296875,947.86474609375,938.5848999023438,883.7985229492188,896.481201171875,986.7833862304688,850.3269653320312,975.5249633789062,976.8731689453124,268.7529296875,954.3421020507812,954.3715209960938,970.4844970703124,990.7744750976562,984.9176025390624,714.5847778320312,1052.8731689453123,909.05224609375,939.9977416992188,463.2925720214844,848.6329956054688,184.55593872070312,545.3316650390625,1032.5316162109377,982.9832153320312,1005.9600830078124,1001.22802734375,127.96875,924.7279663085938,937.5181884765624,898.5339965820312,928.2493896484376,944.4243774414062,924.7470092773438,946.7106323242188,1006.7227172851562,806.7538452148438,960.7950439453124,807.0137329101562,718.140625,968.7755126953124,1049.9248046875,1017.7734375,794.548095703125,1023.2130737304688,920.298828125,911.3363647460938,898.3773803710938,924.4127197265624,990.1153564453124,929.4026489257812,1048.8289794921877,1025.0008544921877,959.5700073242188,956.9744262695312,965.251953125,949.5632934570312
153.5344696044922,329.8033142089844,45.7789077758789,183.6978759765625,57.97726821899414,739.1544799804688,965.9658813476562,594.3281860351562,1030.4278564453123,49.00483322143555,917.7825927734376,1056.4144287109377,984.8440551757812,1013.1287231445312,960.3898315429688,822.9630126953125,448.0847473144531,916.7716064453124,911.6102905273438,66.52519989013672,909.23681640625,951.1311645507812,54.07802963256836,45.0608024597168,939.2288208007812,860.53662109375,962.2966918945312,1032.941650390625,982.3165283203124,943.5841064453124,927.09619140625,873.4493408203125,890.1199340820312,520.6912231445311,1018.48046875,889.1664428710938,742.82958984375,1004.1155395507812,882.2112426757812,973.8693237304688,1095.848876953125,935.7761840820312,1146.630126953125,1003.8856811523438,920.969970703125,386.6507263183594,939.1466064453124,1058.756103515625,1055.99658203125,947.8519897460938,938.1845092773438,882.8871459960938,894.6310424804688,990.0391845703124,853.6817016601562,981.4019165039062,983.884033203125,269.3385009765625,956.452392578125,949.2100219726562,980.4137573242188,990.1375122070312,987.896484375,715.3484497070312,1062.17138671875,917.0480346679688,931.1533813476562,465.5560302734375,850.2061157226562,188.1914520263672,548.7201538085939,1034.0687255859377,990.14794921875,1006.951416015625,1010.4906616210938,130.5621337890625,926.8015747070312,939.1141967773438,907.0737915039062,929.0784301757812,932.3455810546876,926.42578125,950.7531127929688,1010.7250366210938,807.5313110351562,964.5272216796876,809.1768798828125,724.898193359375,979.6451416015624,1045.440673828125,1018.5980834960938,798.13671875,1023.712158203125,917.0679321289062,908.2174072265624,901.7228393554688,929.00048828125,987.9547729492188,936.2282104492188,1043.451171875,1029.2919921875,958.896484375,960.8978271484376,966.5466918945312,948.9244384765624
150.16920471191406,321.99383544921875,47.82548522949219,183.2895965576172,55.98526000976562,739.7152099609375,960.291748046875,590.24462890625,1030.1990966796877,52.385826110839844,920.9988403320312,1062.2017822265623,978.1428833007812,1020.4630126953124,961.6911010742188,823.2166748046875,434.1709899902344,920.3596801757812,911.4702758789062,66.36260986328125,910.676513671875,954.757080078125,55.16143417358398,45.91157913208008,945.141357421875,855.2771606445312,968.4342041015624,1038.8316650390623,978.798095703125,939.9169311523438,922.4801635742188,871.8079833984375,892.0572509765625,510.3232421875,1011.4777221679688,878.2835083007812,742.515869140625,1003.7131958007812,884.8832397460938,977.7630615234376,1095.39013671875,940.4813842773438,1145.402587890625,1004.8901977539062,914.6417846679688,384.2396545410156,939.0213623046876,1062.963134765625,1059.4874267578123,947.82861328125,944.0421752929688,883.4572143554688,899.8997802734375,997.6181030273438,855.1803588867188,973.1687622070312,974.8677978515624,271.13116455078125,955.36572265625,946.345703125,979.2692260742188,996.2967529296876,1000.7941284179688,715.138427734375,1058.2037353515623,919.5521240234376,930.7117309570312,462.3158264160156,851.1483154296875,192.3309326171875,543.9678955078125,1024.9674072265623,985.625,1013.1430053710938,1007.4056396484376,130.87289428710938,932.8162841796876,934.464111328125,903.6082153320312,928.8185424804688,932.3740234375,926.502685546875,943.7244873046876,1003.4500122070312,812.2869262695312,964.4265747070312,801.668701171875,725.9334106445312,981.3788452148438,1055.9505615234377,1027.3587646484377,793.29931640625,1017.55859375,910.5491333007812,909.0564575195312,895.4728393554688,923.60498046875,990.2000122070312,933.8206176757812,1050.37646484375,1033.947998046875,952.7478637695312,963.0020141601562,965.2071533203124,950.5368041992188
150.22242736816406,327.61004638671875,46.8512077331543,181.5950164794922,58.10261535644531,735.0427856445312,957.6810302734376,587.77978515625,1031.2769775390623,49.75350952148438,917.317138671875,1058.453125,981.9319458007812,1017.52587890625,961.0785522460938,822.85498046875,439.603515625,921.5037841796876,913.0647583007812,66.67995452880861,907.08837890625,953.47998046875,55.14142227172852,44.66221237182617,941.0743408203124,865.23193359375,969.6981811523438,1035.1168212890623,971.45068359375,937.0924072265624,922.696533203125,872.3544311523438,894.20556640625,512.11279296875,1016.5154418945312,884.17041015625,743.590576171875,1003.9568481445312,888.7357177734375,974.1879272460938,1101.932373046875,937.130126953125,1140.9268798828125,1008.9531860351562,922.26513671875,380.7482604980469,937.583984375,1056.50244140625,1054.45458984375,947.0897216796876,938.8270874023438,889.1111450195312,896.278564453125,991.5794677734376,852.735107421875,972.807861328125,983.3689575195312,274.2933349609375,951.6737060546876,948.9256591796876,976.3472290039062,988.525390625,991.7266845703124,715.1642456054688,1047.45361328125,911.2705688476562,934.06640625,462.6164245605469,852.1712036132812,188.55706787109372,546.4820556640625,1025.48193359375,985.0,1011.6178588867188,1002.8284301757812,133.87226867675778,931.71142578125,934.8123168945312,907.91943359375,926.5130615234376,935.5174560546876,926.942626953125,945.0250854492188,1008.4241333007812,814.7937622070312,964.4424438476562,806.9581909179688,719.009765625,986.2991333007812,1051.4603271484377,1024.226806640625,798.0750732421875,1011.2113647460938,913.40869140625,911.6224975585938,894.999267578125,923.934814453125,988.9821166992188,934.1508178710938,1048.64404296875,1027.4315185546877,948.4984741210938,965.18017578125,963.65771484375,945.3572387695312
150.6646728515625,334.2004089355469,48.98927688598633,187.3877868652344,56.761680603027344,744.4693603515625,969.3754272460938,595.9959106445312,1036.03466796875,50.0185775756836,915.1631469726562,1065.3009033203123,981.2781372070312,1022.0333251953124,969.3355102539062,832.1499633789062,442.91021728515625,920.2477416992188,909.567626953125,65.77130889892578,913.0172729492188,956.6236572265624,55.30378341674805,43.94050216674805,943.1788940429688,862.34814453125,973.44140625,1034.7750244140623,977.7269897460938,936.47509765625,934.4793090820312,876.5509033203125,895.850341796875,521.81201171875,1014.4658813476562,883.039794921875,744.1057739257812,1003.4459228515624,884.9800415039062,975.6873168945312,1101.5064697265623,936.8450927734376,1144.484375,1011.0567626953124,916.149658203125,385.1703186035156,937.9061279296876,1056.6302490234377,1054.9892578125,950.1867065429688,937.0645751953124,881.58740234375,894.5375366210938,985.23046875,853.6943969726562,974.923095703125,979.7456665039062,272.77505493164057,948.8357543945312,949.51513671875,970.59521484375,988.262451171875,995.33447265625,711.893310546875,1052.8671875,911.7974853515624,936.7767333984376,458.5752868652344,846.6187744140625,187.90646362304688,542.449462890625,1025.2447509765623,988.9262084960938,1012.207763671875,1003.73681640625,131.20396423339844,924.2872314453124,935.9295654296876,908.5180053710938,923.2882690429688,938.3307495117188,926.2041625976562,942.08154296875,1005.6625366210938,808.7406005859375,960.963623046875,805.3826293945312,717.0597534179688,973.4255981445312,1049.00341796875,1020.2620239257812,796.1370849609375,1007.3677978515624,916.2302856445312,907.5720825195312,900.5131225585938,914.9686279296876,990.6787719726562,929.85546875,1049.5958251953123,1032.387451171875,950.975341796875,957.7318115234376,966.2357177734376,945.3634033203124
151.6300048828125,320.8954162597656,46.61114120483398,184.12744140625,56.51713943481445,739.706298828125,969.96337890625,591.0061645507812,1040.673583984375,50.33150100708008,913.6845092773438,1067.7801513671877,984.3777465820312,1015.78271484375,970.12255859375,825.6375732421875,437.4405822753906,923.4053344726562,912.2770385742188,65.04347991943361,912.9869384765624,958.1759643554688,52.754150390625,43.9882698059082,940.4697875976562,861.2019653320312,970.949951171875,1037.7469482421877,984.2128295898438,941.73974609375,936.5757446289062,874.732421875,893.30517578125,515.6326293945311,1011.994140625,884.0695190429688,745.6676635742188,1001.7833251953124,884.3081665039062,982.6975708007812,1099.4854736328123,937.4478759765624,1136.9786376953125,1010.985107421875,913.9514770507812,384.3866271972656,936.901123046875,1053.97021484375,1058.9361572265623,947.1834106445312,934.9381103515624,880.9862060546875,899.3784790039062,987.8282470703124,852.8925170898438,977.5830688476562,976.89453125,271.52783203125,953.7444458007812,949.3870239257812,979.2789916992188,986.3500366210938,989.234375,709.77978515625,1056.4378662109377,912.587158203125,938.67236328125,462.6664733886719,847.2999877929688,186.7607421875,545.8486328125,1032.6351318359377,976.2982177734376,1018.9769897460938,1001.6948852539062,132.88162231445312,931.9949340820312,936.709716796875,903.2898559570312,923.5574340820312,940.2628784179688,923.6378784179688,947.31884765625,1011.819091796875,811.5098876953125,965.7830810546876,810.5368041992188,725.3760375976562,979.5528564453124,1047.7078857421877,1018.8106689453124,790.8128051757812,1012.8761596679688,918.486328125,911.37109375,896.0829467773438,921.8609619140624,988.6206665039062,934.1248168945312,1042.45947265625,1027.9429931640623,956.7384033203124,966.6204833984376,963.3919067382812,950.5936279296876
151.12379455566406,328.5310363769531,48.83012008666992,184.4732666015625,57.01364135742188,744.955810546875,966.3596801757812,591.60498046875,1037.705810546875,49.09763717651367,912.4187622070312,1065.4910888671877,990.6470947265624,1024.052978515625,969.4693603515624,820.9583740234375,438.620849609375,917.9703979492188,911.7147216796876,67.08077239990234,908.9476928710938,953.88916015625,53.15487670898438,46.398841857910156,936.987548828125,862.0791015625,973.68896484375,1031.6142578125,979.0233154296876,939.5740356445312,935.1735229492188,880.2243041992188,892.9239501953125,526.713134765625,1010.7252197265624,883.3984375,751.9612426757812,1003.180419921875,885.71923828125,977.9155883789062,1104.4481201171877,933.8363647460938,1142.593505859375,998.8358154296876,916.8543701171876,385.2638854980469,938.3958740234376,1056.4964599609377,1057.7586669921877,954.7567749023438,940.0506591796876,886.80908203125,896.15380859375,991.4539184570312,853.1779174804688,974.6493530273438,980.4945678710938,268.76083374023443,949.8969116210938,948.123046875,977.8865356445312,991.365234375,988.73388671875,712.2451782226562,1053.1434326171877,911.9083251953124,935.5939331054688,465.2007751464844,846.2974243164062,194.0377349853516,541.6171875,1031.8218994140623,988.2420043945312,1012.558837890625,1006.3058471679688,131.64356994628906,927.6066284179688,939.3611450195312,902.2164916992188,923.423828125,933.8489379882812,926.6902465820312,949.8441772460938,1015.239501953125,812.0966796875,961.8687133789062,807.74658203125,719.3865966796875,981.2440185546876,1051.8572998046877,1023.7172241210938,788.91162109375,1014.5435791015624,916.3980102539062,913.5809936523438,896.5111083984375,939.5701904296876,991.17041015625,930.7828979492188,1057.2581787109377,1032.078857421875,957.7566528320312,966.6006469726562,965.4178466796876,949.9869384765624
150.3861541748047,325.7332458496094,47.78046798706055,184.12144470214844,58.7048225402832,733.7109375,967.6817626953124,583.6127319335938,1039.4886474609377,49.237083435058594,909.505859375,1055.7725830078123,979.256591796875,1017.4513549804688,969.5991821289062,814.8869018554688,437.95416259765625,923.2333374023438,915.2736206054688,61.88547897338867,905.7471313476562,953.5806884765624,53.63257598876953,46.54626846313477,937.996826171875,860.1760864257812,969.8865966796876,1035.981689453125,977.4092407226562,939.610107421875,929.5396728515624,885.0407104492188,891.5505981445312,520.0333862304689,1013.3557739257812,880.88671875,752.9983520507812,1006.0505981445312,881.0885009765625,975.5557250976562,1106.3314208984377,944.2989501953124,1147.0670166015625,998.95263671875,921.4230346679688,383.4722595214844,938.69091796875,1059.9593505859377,1057.56494140625,952.1622924804688,933.37890625,885.7706909179688,895.3829956054688,994.3777465820312,858.35400390625,975.8536376953124,975.6943969726562,273.59295654296875,947.1915283203124,942.821533203125,970.490966796875,987.9821166992188,992.927734375,718.7719116210938,1055.7213134765623,918.635498046875,938.3967895507812,468.52435302734375,851.0152587890625,190.95054626464844,548.8308715820311,1026.8369140625,988.1514282226562,1013.349609375,1009.0515747070312,131.89883422851562,924.3953247070312,936.259033203125,912.8170166015624,932.5078125,938.828857421875,930.8753051757812,951.3790893554688,1011.4474487304688,812.9763793945312,969.233154296875,810.8286743164062,724.7278442382812,984.72412109375,1042.408935546875,1018.4015502929688,792.6829833984375,1017.9029541015624,916.05908203125,910.3947143554688,896.2722778320312,948.3314208984376,987.4822998046876,929.91845703125,1056.251708984375,1031.159423828125,952.7009887695312,961.06689453125,962.55517578125,949.0862426757812
151.6470947265625,321.35675048828125,45.92343521118164,183.0272979736328,58.310096740722656,736.8941650390625,959.3152465820312,581.2146606445312,1036.8192138671877,51.85525512695313,910.0737915039062,1054.5013427734377,981.8825073242188,1018.7510375976562,963.52685546875,815.8267822265625,437.4757995605469,920.9501342773438,913.0132446289062,63.4121208190918,919.6122436523438,952.8419189453124,56.07414627075195,44.5327262878418,939.719970703125,856.0997924804688,963.7406616210938,1038.1846923828123,981.3523559570312,937.4182739257812,930.840576171875,873.4959106445312,889.5233154296875,511.5376281738281,1017.4595947265624,894.51806640625,751.2520751953125,1002.9669799804688,886.3401489257812,982.4332885742188,1099.8583984375,942.7588500976562,1149.758544921875,1005.74755859375,918.215576171875,384.6846618652344,937.0016479492188,1058.7379150390623,1060.2763671875,948.2140502929688,944.1309814453124,891.100341796875,896.8421020507812,990.2946166992188,857.15625,976.4929809570312,980.6510009765624,271.62942504882807,959.188720703125,947.3427124023438,971.072265625,989.6909790039062,990.498779296875,717.6282958984375,1054.0458984375,915.7771606445312,933.9716186523438,466.041015625,849.9114990234375,187.9034881591797,546.3633422851561,1025.6226806640623,981.5933227539062,1011.7216796875,1002.335205078125,127.99250030517578,920.4532470703124,937.4254760742188,905.0880126953124,934.5216674804688,936.6796875,922.1267700195312,945.2588500976562,1002.4631958007812,809.628173828125,967.6954956054688,807.809814453125,724.9789428710938,981.91650390625,1052.408935546875,1023.88623046875,797.7825927734375,1020.93896484375,912.5384521484376,912.0477905273438,893.2208251953125,940.737060546875,989.5584106445312,929.27587890625,1056.0101318359377,1031.7713623046877,956.296875,970.1238403320312,966.1331176757812,950.4689331054688
148.77005004882812,325.7699279785156,46.17882537841797,182.33937072753903,57.64956665039063,739.0343627929688,962.7081298828124,585.7635498046875,1033.1561279296877,51.70954132080078,909.2894897460938,1062.7322998046877,983.9658813476562,1016.1436157226562,965.7868041992188,819.9020385742188,442.9167785644531,923.2713012695312,914.0144653320312,65.14544677734375,909.2205200195312,956.5430908203124,56.676307678222656,47.20939254760742,944.413330078125,861.9229736328125,965.671875,1037.7822265625,981.6006469726562,934.4702758789062,928.2463989257812,870.7738647460938,891.9249877929688,512.24169921875,1015.728515625,895.6935424804688,743.3133544921875,1001.586669921875,882.80078125,980.9529418945312,1100.8863525390623,939.39697265625,1152.2520751953125,1009.4239501953124,916.7630615234376,385.8739318847656,938.6937866210938,1062.4989013671877,1054.3040771484377,953.3751220703124,942.5245971679688,881.0665893554688,896.9950561523438,989.1415405273438,858.2344970703125,975.0565185546876,979.6533813476562,271.55322265625,957.3654174804688,952.0759887695312,978.7756958007812,991.9658813476562,994.5838012695312,715.6924438476562,1057.4635009765623,916.223876953125,939.982421875,468.197509765625,854.2840576171875,186.99493408203125,547.6795654296875,1028.191650390625,986.1773071289062,1011.4563598632812,1006.6624145507812,130.9801025390625,921.3870239257812,934.262451171875,910.99365234375,932.2044677734376,929.0647583007812,924.3231811523438,948.4434814453124,1004.9170532226562,815.3583374023438,969.8665771484376,805.9464111328125,723.10791015625,984.45361328125,1052.5870361328123,1019.5277709960938,791.574951171875,1019.5321655273438,908.98095703125,908.15283203125,899.2615966796875,938.8294677734376,991.419189453125,929.6401977539062,1053.5360107421877,1027.7491455078123,952.4301147460938,963.889404296875,968.7894897460938,953.608642578125
154.18948364257812,330.99755859375,49.99498748779297,181.4014434814453,58.512413024902344,745.4100952148438,965.78466796875,592.4450073242188,1030.1710205078123,50.99582290649414,910.3025512695312,1063.6595458984377,990.9307861328124,1017.9182739257812,960.14013671875,822.3889770507812,441.7789611816406,920.7286987304688,912.3305053710938,62.28514862060547,912.6831665039062,955.1209106445312,54.7897834777832,44.3272705078125,940.3062744140624,857.6469116210938,966.8843383789062,1030.0887451171877,977.409423828125,934.6515502929688,932.0940551757812,875.5282592773438,892.0095825195312,515.900146484375,1009.4027709960938,893.32763671875,741.0404663085938,1000.02001953125,881.1790771484375,975.5314331054688,1093.300048828125,939.3057250976562,1144.5076904296875,1004.1690063476562,922.0689697265624,383.0365295410156,940.5032958984376,1058.7996826171877,1057.617919921875,946.9734497070312,935.82568359375,889.7755126953125,895.854736328125,992.139404296875,859.0231323242188,977.0369262695312,979.7771606445312,275.12063598632807,957.146484375,946.8885498046876,979.1611938476562,989.3817749023438,990.0862426757812,714.5748901367188,1050.2469482421877,922.2463989257812,933.9166259765624,465.79913330078125,845.68603515625,184.39352416992188,543.6773071289061,1030.7039794921877,990.00732421875,1006.1982421875,1000.9873657226562,134.68254089355472,931.42138671875,936.4754028320312,905.5178833007812,924.4259643554688,932.296630859375,924.2731323242188,944.1160278320312,1010.210205078125,811.6915283203125,970.5588989257812,807.7163696289062,718.6634521484375,982.1212768554688,1056.577880859375,1023.1192016601562,796.9351196289062,1010.0335083007812,911.1541748046876,915.2833862304688,893.2919311523438,925.6256103515624,991.6299438476562,930.0950927734376,1058.30712890625,1032.85693359375,957.8126831054688,959.91357421875,965.7157592773438,949.4118041992188
153.16683959960938,327.1828308105469,45.72966384887695,185.12399291992188,59.38147735595703,741.2842407226562,966.0982055664062,596.255859375,1034.083251953125,50.1483039855957,915.2540893554688,1065.9722900390623,992.99560546875,1020.400390625,963.6644897460938,833.0879516601562,442.9200744628906,920.8877563476562,913.0523071289062,63.856727600097656,917.6119384765624,956.13720703125,54.77710723876953,43.58324432373047,938.5450439453124,859.8319702148438,980.010986328125,1028.3438720703123,976.04833984375,938.3095092773438,933.1013793945312,879.4241333007812,887.64404296875,519.6141357421875,1016.9406127929688,886.1458740234375,739.83154296875,1003.1282958984376,886.5028686523438,978.153564453125,1093.86328125,933.336669921875,1144.8492431640625,997.6239624023438,921.36083984375,380.4125671386719,937.82275390625,1058.33056640625,1059.1710205078123,949.8036499023438,938.5108032226562,881.7440185546875,893.334716796875,983.2990112304688,851.2338256835938,969.5494384765624,978.1299438476562,276.8154296875,955.8799438476562,943.871826171875,981.6187133789062,986.8811645507812,987.4548950195312,706.1831665039062,1048.7535400390623,911.8193969726562,942.0134887695312,457.7876892089844,840.673095703125,190.7913055419922,541.0452270507811,1034.033203125,979.6410522460938,1014.8324584960938,1000.2716064453124,132.66612243652344,936.12158203125,934.4490356445312,897.5726928710938,920.5260009765624,938.1678466796876,921.7166748046876,947.1673583984376,1011.9469604492188,809.3514404296875,958.4088134765624,812.0198364257812,723.60986328125,977.3654174804688,1048.10009765625,1016.5222778320312,792.7520751953125,1014.3141479492188,918.00927734375,907.1148071289062,891.8063354492188,929.7059936523438,984.3885498046876,936.4496459960938,1050.4810791015623,1024.5634765625,954.6375122070312,953.07958984375,960.58154296875,950.953857421875
152.27247619628906,328.1717834472656,46.98412322998047,183.0694732666016,57.938392639160156,744.9926147460938,975.2967529296876,592.28857421875,1035.2398681640623,49.47323608398438,916.8291625976562,1065.3671875,986.262451171875,1021.85205078125,968.1611938476562,829.6600952148438,441.1189270019531,924.6898803710938,908.9039916992188,66.68023681640625,913.498046875,955.6300659179688,55.60509490966797,42.2103271484375,934.149169921875,868.52392578125,976.26123046875,1032.237548828125,981.5636596679688,941.8452758789062,931.53564453125,876.0249633789062,889.419677734375,517.4083862304689,1011.934326171875,881.6785278320312,740.150146484375,1005.2423706054688,884.329345703125,980.501953125,1093.4488525390623,940.305908203125,1137.5242919921875,997.18603515625,920.5880126953124,379.4906921386719,940.0216674804688,1059.8309326171877,1052.7288818359377,949.5187377929688,940.7793579101562,883.4431762695312,895.0900268554688,990.3679809570312,844.29638671875,974.5516967773438,977.7794189453124,270.02774047851557,957.2456665039062,950.3194580078124,983.0384521484376,989.41552734375,989.3779907226562,705.1846923828125,1057.9462890625,902.70703125,934.5776977539062,453.26080322265625,842.9661254882812,190.253173828125,540.6417846679689,1037.841796875,983.7623291015624,1009.562744140625,1006.5537719726562,132.5908203125,943.4085083007812,936.3182373046876,906.50244140625,915.3621215820312,936.5327758789062,924.9727783203124,941.1116333007812,1004.70263671875,809.5488891601562,964.802001953125,807.772216796875,723.3539428710938,975.4832153320312,1046.7608642578123,1020.50537109375,795.947998046875,1013.1744384765624,918.7911376953124,904.64013671875,889.03955078125,922.9099731445312,988.77587890625,931.589111328125,1045.7457275390623,1029.6385498046877,956.9322509765624,961.94140625,958.27783203125,949.0094604492188
153.7836151123047,327.3598937988281,47.66500854492188,183.7665557861328,56.23184585571289,739.63818359375,971.9713134765624,592.3154296875,1033.987548828125,53.30170059204102,913.229248046875,1064.690673828125,988.3621215820312,1018.6408081054688,962.6858520507812,822.8826293945312,435.9427490234375,923.6282958984376,907.8862915039062,65.39671325683594,912.3128662109376,956.0133666992188,55.0645637512207,43.67060470581055,940.9411010742188,862.0032348632812,972.4358520507812,1035.1820068359377,980.3572998046876,943.686767578125,926.81591796875,874.94140625,889.960205078125,524.225341796875,1016.0216674804688,881.3859252929688,743.58349609375,1000.3861083984376,877.84423828125,979.9631958007812,1101.83740234375,937.5148315429688,1146.5152587890625,1003.6664428710938,921.6173095703124,381.0928649902344,939.7825927734376,1064.53369140625,1058.8753662109377,955.9397583007812,940.8679809570312,887.9893188476562,896.587890625,988.6768188476562,856.5865478515625,980.7109375,982.6188354492188,272.22183227539057,951.9480590820312,944.8560791015624,982.1585083007812,989.40185546875,985.5602416992188,709.97021484375,1061.16455078125,908.8894653320312,938.6251220703124,462.2732238769531,846.0087280273438,188.61167907714844,543.2424926757811,1032.3626708984377,986.8637084960938,1015.0387573242188,1008.0692138671876,129.89399719238278,931.2848510742188,938.7888793945312,908.612548828125,923.6970825195312,943.7112426757812,925.8871459960938,943.20849609375,1014.4705200195312,813.6886596679688,963.1110229492188,810.3756713867188,724.0779418945312,979.3231811523438,1049.974853515625,1020.0057373046876,795.9805297851562,1018.1533813476562,917.1915893554688,908.4605102539062,897.5066528320312,938.0593872070312,990.1578979492188,931.7044677734376,1056.7093505859377,1028.1195068359377,958.009033203125,962.4298706054688,963.2615966796876,949.0988159179688
150.4954071044922,322.7489318847656,46.14212036132813,182.189697265625,57.65365600585938,745.3137817382812,966.3043823242188,589.1778564453125,1030.9371337890623,48.40396499633789,917.2423706054688,1063.3743896484377,979.4464721679688,1020.8005981445312,962.405517578125,823.2788696289062,444.6302490234375,921.5159301757812,910.9379272460938,64.57712554931639,915.0450439453124,955.8552856445312,54.41203689575195,44.42036056518555,944.0595092773438,864.060546875,973.465576171875,1034.9036865234377,982.1556396484376,941.8239135742188,934.37841796875,876.2677001953125,890.6058959960938,521.496337890625,1017.9301147460938,881.03759765625,747.7335815429688,999.9782104492188,882.4716186523438,979.9075927734376,1095.4932861328123,942.7756958007812,1149.9764404296875,1001.89404296875,925.2188720703124,382.3160705566406,943.3177490234376,1061.703857421875,1054.8961181640623,952.949951171875,937.239013671875,884.9893188476562,896.966064453125,994.8894653320312,851.3243408203125,978.9361572265624,981.0226440429688,274.87918090820307,954.2564697265624,949.5530395507812,983.042236328125,992.8648071289062,989.4083251953124,710.744140625,1057.087890625,909.0386352539062,930.5125122070312,456.5887145996094,846.1058349609375,191.65106201171875,543.639404296875,1027.6748046875,986.6243896484376,1009.631591796875,1000.302734375,131.70338439941406,936.0588989257812,936.356201171875,899.5629272460938,925.2575073242188,937.2749633789062,926.013671875,946.3546752929688,1009.2582397460938,811.3112182617188,971.7147216796876,809.5471801757812,725.4683227539062,969.9353637695312,1047.2701416015623,1019.7420043945312,796.9533081054688,1023.24267578125,920.3326416015624,910.1931762695312,893.4744873046875,925.3225708007812,991.3648071289062,934.8243408203124,1050.8665771484377,1024.7904052734377,961.684814453125,963.0994262695312,972.1626586914062,951.4114990234376
151.51222229003906,330.3074951171875,48.85285568237305,185.04112243652344,56.2872314453125,746.1466674804688,962.64306640625,588.3255004882812,1035.243896484375,51.230857849121094,913.4534301757812,1053.1767578125,986.339111328125,1019.2518310546876,958.9390258789062,813.7125854492188,439.8495178222656,921.6920166015624,909.1670532226562,62.57004165649414,912.7908935546876,950.60693359375,53.53765106201172,43.633872985839844,942.6930541992188,860.95263671875,965.9324340820312,1041.7503662109377,976.7088623046876,936.5880737304688,933.5584106445312,874.135986328125,889.2763061523438,512.6488647460939,1014.8527221679688,889.2576904296875,744.4212646484375,1004.3837280273438,883.954345703125,981.4337158203124,1099.5081787109377,936.8333740234376,1149.9698486328125,1007.8982543945312,918.94677734375,385.9087829589844,938.4216918945312,1059.6097412109377,1058.3218994140623,945.4388427734376,942.22802734375,883.4921264648438,899.6188354492188,993.5037841796876,855.52734375,982.346435546875,983.4595947265624,272.30496215820307,956.9800415039062,946.4134521484376,976.83740234375,993.8804321289062,993.3677978515624,716.1101684570312,1065.122802734375,913.5000610351562,934.6126708984376,461.6150207519531,849.36767578125,193.0308837890625,550.038818359375,1030.1956787109377,985.9638061523438,1007.8284301757812,1006.977294921875,132.79501342773438,924.87353515625,936.37939453125,907.6886596679688,933.33935546875,937.8235473632812,931.5379028320312,942.7621459960938,1014.4995727539062,811.2835083007812,965.8707885742188,806.2734375,721.92236328125,979.0855102539062,1057.4251708984377,1022.5037231445312,795.6953735351562,1025.81396484375,917.104248046875,912.2522583007812,892.25244140625,923.9520874023438,989.33935546875,931.80419921875,1040.6192626953123,1030.0987548828123,953.27685546875,966.85693359375,968.83544921875,955.360595703125
152.42636108398438,325.7266540527344,46.60272979736328,183.97244262695312,58.49935150146485,740.0692138671875,963.6357421875,593.6328735351562,1026.879150390625,50.99579238891602,912.104248046875,1057.743408203125,982.387451171875,1014.1642456054688,959.8861083984376,820.6458740234375,444.9414978027344,921.4365844726562,909.7962646484376,66.54292297363281,911.3048706054688,953.2501831054688,53.20198822021485,45.08227920532226,949.1990356445312,861.7571411132812,964.71533203125,1036.8682861328123,974.5529174804688,938.7394409179688,931.8467407226562,867.5091552734375,893.6187133789062,516.15869140625,1016.1968383789062,882.3760375976562,741.8679809570312,1000.0387573242188,889.5017700195312,978.0646362304688,1099.12939453125,941.8960571289062,1151.2222900390625,1005.9205322265624,923.1843872070312,380.1051025390625,941.8871459960938,1062.1363525390623,1054.7998046875,945.416015625,939.166015625,889.1963500976562,897.2019653320312,990.6453247070312,853.5109252929688,981.8895874023438,978.3928833007812,263.9315185546875,955.0641479492188,943.8193969726562,978.83154296875,986.6251220703124,997.5106811523438,718.0435180664062,1061.3472900390623,914.1071166992188,936.596435546875,459.5890197753906,851.2410278320312,191.2616729736328,545.2394409179689,1025.5540771484377,987.9583740234376,1012.133544921875,1005.126953125,132.30422973632812,935.0560302734376,933.7847290039062,908.3865966796876,927.4166259765624,940.5645141601562,926.1632690429688,939.4744873046876,1007.520751953125,811.5226440429688,967.73291015625,805.6355590820312,718.1868286132812,973.182861328125,1050.6441650390623,1020.517578125,799.5208740234375,1006.7074584960938,915.6256103515624,905.4552612304688,897.423095703125,925.02685546875,987.26171875,929.0953979492188,1045.9962158203123,1023.3760375976562,952.7550659179688,962.0847778320312,961.39111328125,953.9148559570312
151.50596618652344,322.7019348144531,49.65265655517578,180.4825897216797,55.71125411987305,729.4646606445312,964.1222534179688,583.3304443359375,1033.5960693359377,49.07343673706055,910.1748657226562,1058.3206787109377,977.9821166992188,1014.293701171875,964.530517578125,817.0411376953125,441.0127868652344,920.87353515625,907.7666625976562,63.55250930786133,911.9454956054688,950.1168823242188,51.75947952270508,44.01618576049805,942.04541015625,860.1932373046875,969.0625,1035.755126953125,980.20849609375,942.2523803710938,930.7263793945312,873.547607421875,891.3029174804688,517.3623657226561,1012.3397216796876,877.1792602539062,743.2172241210938,999.3875122070312,885.186767578125,979.6251220703124,1100.6492919921877,944.643798828125,1151.6781005859375,1011.03173828125,918.2745971679688,382.181396484375,934.4441528320312,1064.4871826171877,1059.3863525390623,950.3753051757812,938.0393676757812,893.4544677734375,893.0352783203125,992.8028564453124,860.2697143554688,983.7188720703124,976.9890747070312,275.589599609375,955.4232177734376,939.641845703125,975.8109741210938,992.6564331054688,993.1485595703124,721.6075439453125,1057.6011962890623,916.7337646484376,932.31787109375,465.83795166015625,851.2988891601562,185.5283966064453,556.869140625,1026.8668212890623,992.5360717773438,1015.4495239257812,1007.8048095703124,129.42112731933594,926.1746215820312,938.647216796875,913.6268310546876,937.3136596679688,936.5133666992188,924.9201049804688,951.6199340820312,1000.5506591796876,809.1751098632812,964.8024291992188,813.6112060546875,718.779541015625,979.2946166992188,1050.8011474609377,1017.9384155273438,798.717041015625,1022.510498046875,922.8279418945312,912.4343872070312,894.5187377929688,919.04052734375,991.5164184570312,929.9920654296876,1051.828125,1026.6025390625,957.2814331054688,968.59521484375,970.3895874023438,948.4024658203124
152.83045959472656,326.0377197265625,44.63967895507813,183.8075714111328,54.35841751098633,735.6119384765625,965.1163940429688,591.7029418945312,1035.50927734375,50.55636215209961,911.2974853515624,1053.5391845703123,978.2068481445312,1011.9437866210938,965.74365234375,818.821533203125,440.1508483886719,917.09423828125,908.7033081054688,63.26642227172852,912.1588134765624,953.5857543945312,52.65160751342773,44.28807067871094,940.531982421875,863.395751953125,970.9109497070312,1036.7471923828123,979.462158203125,937.3897094726562,933.9918823242188,880.2864990234375,892.3380737304688,516.3897705078125,1015.7289428710938,882.7861938476562,737.1035766601562,998.5883178710938,891.0973510742188,976.495361328125,1097.9910888671877,932.6105346679688,1144.395263671875,1000.84716796875,918.8648071289062,386.8507690429688,933.9526977539062,1062.5306396484377,1059.2249755859377,947.5584106445312,935.0471801757812,883.3162841796875,901.7722778320312,995.1358032226562,858.1185302734375,982.0868530273438,975.34619140625,274.14785766601557,953.427734375,944.5004272460938,971.8948364257812,990.978515625,996.7836303710938,717.5192260742188,1056.452880859375,918.4342041015624,934.29443359375,462.8112182617188,852.1029052734375,186.4090576171875,551.6076049804689,1023.8253784179688,997.52587890625,1009.0979614257812,1003.7465209960938,130.67265319824222,921.2635498046876,933.0973510742188,904.9681396484376,935.9693603515624,935.145751953125,926.0480346679688,946.357421875,1007.3851928710938,811.7006225585938,966.1135864257812,810.6173706054688,718.1227416992188,974.6453247070312,1050.48681640625,1026.37109375,797.712890625,1021.2100219726562,925.5302124023438,914.3759155273438,896.1318969726562,916.4987182617188,983.87451171875,930.0479125976562,1047.5452880859377,1031.2332763671877,958.196044921875,967.3980102539062,966.2401123046876,948.6107177734376
150.98822021484375,320.1844787597656,48.56428527832031,179.6927490234375,57.34294128417969,729.0619506835938,962.6089477539062,582.11181640625,1025.4586181640623,49.16975784301758,909.9334106445312,1055.71923828125,970.1475219726562,1010.978515625,962.9038696289062,817.0677490234375,438.481201171875,919.4281616210938,906.3614501953124,62.2203254699707,908.4624633789062,957.365966796875,55.69912719726562,43.92184448242188,942.1951293945312,861.3758544921875,955.8363647460938,1039.3370361328123,973.2904663085938,932.93359375,925.1510009765624,870.405029296875,890.5960083007812,513.859130859375,1015.52099609375,887.80126953125,745.3012084960938,1010.3401489257812,882.1209106445312,986.8381958007812,1101.065673828125,942.2236938476562,1149.3597412109375,1004.3309936523438,916.8311157226562,386.9663696289063,938.7591552734376,1060.9222412109377,1060.3919677734377,953.7703247070312,935.2725219726562,882.2786254882812,899.498779296875,1004.4854736328124,864.0389404296875,981.2893676757812,979.1044311523438,273.79092407226557,956.074951171875,945.4301147460938,974.8899536132812,993.7074584960938,1002.5509033203124,718.7893676757812,1063.5908203125,921.399658203125,934.9202270507812,468.1742858886719,856.7274169921875,189.4110412597656,552.9012451171875,1024.351318359375,992.1017456054688,1013.721923828125,1007.8829345703124,130.63934326171878,923.5845947265624,935.4070434570312,910.4259643554688,934.045654296875,937.7299194335938,930.7080688476562,946.736328125,1009.9508666992188,810.12353515625,970.5062866210938,804.2152099609375,724.9973754882812,978.28173828125,1060.2843017578123,1031.2747802734377,798.3396606445312,1011.8621215820312,912.7376708984376,910.8740844726562,900.0812377929688,923.682861328125,994.3397216796876,932.9913940429688,1057.2242431640623,1034.2374267578123,950.7190551757812,966.54541015625,968.0288696289062,953.5155029296876
152.68917846679688,325.8322448730469,45.58294296264648,181.23828125,56.40566635131836,734.6694946289062,959.4005737304688,587.1671142578125,1027.2607421875,49.49639511108398,910.1410522460938,1054.6513671875,978.3414916992188,1017.7244262695312,965.9262084960938,818.9676513671875,443.3825073242188,921.081298828125,911.8390502929688,65.79417419433594,909.27392578125,957.8348999023438,53.551551818847656,45.03349685668945,940.3194580078124,859.7156372070312,957.8763427734376,1028.1363525390623,978.08984375,936.6339721679688,930.6318969726562,860.4952392578125,889.7327270507812,516.4113159179689,1020.2962646484376,888.2926635742188,742.432861328125,1006.451904296875,886.20263671875,981.3381958007812,1103.1778564453123,939.6295166015624,1147.72998046875,1007.047607421875,920.2111206054688,388.0060119628906,940.6925659179688,1062.4605712890623,1056.550048828125,950.8136596679688,941.234375,889.4100341796875,897.587158203125,994.4365844726562,856.8600463867188,979.0780029296876,983.6187133789062,267.02297973632807,953.256591796875,952.3341674804688,977.7984008789062,986.4949340820312,990.7477416992188,715.279296875,1054.3485107421877,917.4940185546876,933.1154174804688,464.69854736328125,848.5958862304688,190.4816436767578,547.8192749023439,1028.88134765625,986.73193359375,1007.7059326171876,1006.0330810546876,128.9127197265625,933.3009033203124,938.25390625,905.8407592773438,927.3900146484376,936.715576171875,920.9017944335938,944.6755981445312,1014.63623046875,812.4511108398438,976.7896728515624,802.4630126953125,719.7431030273438,979.229736328125,1057.8516845703123,1029.46337890625,795.2145385742188,1008.484130859375,906.2175903320312,910.3856811523438,893.6583862304688,923.3062744140624,993.8244018554688,933.37255859375,1044.9581298828123,1029.2764892578123,953.4826049804688,963.1714477539062,971.0950927734376,952.9119262695312
150.0491943359375,326.6081848144531,49.20622634887695,181.71176147460938,57.26294708251953,728.9564819335938,964.8377685546876,583.70556640625,1031.8988037109377,51.372962951660156,912.5782470703124,1064.7874755859377,976.322998046875,1015.8021240234376,966.9376831054688,823.1578979492188,436.8634338378906,919.0870971679688,908.9241943359376,63.00120162963867,908.2081909179688,957.8329467773438,53.10713195800781,46.40850830078125,941.2564697265624,861.675537109375,963.9661865234376,1032.1949462890623,981.2576293945312,939.3062744140624,935.198486328125,863.510986328125,887.8255615234375,517.0576782226561,1013.09912109375,887.5416259765625,739.140869140625,994.221923828125,879.7621459960938,973.8363647460938,1103.998291015625,940.6895751953124,1149.388671875,1004.6871337890624,920.9716186523438,384.04205322265625,938.9825439453124,1054.2294921875,1057.1781005859377,951.14697265625,933.1166381835938,887.2576293945312,893.6560668945312,992.0440063476562,852.0794677734375,972.9619750976562,981.7745971679688,270.51776123046875,954.8856811523438,947.0130615234376,978.1502075195312,985.57177734375,994.723388671875,713.2616577148438,1053.236083984375,912.9155883789062,935.8421020507812,463.26177978515625,851.299560546875,186.0929107666016,547.3855590820311,1025.608154296875,987.0874633789062,1012.3975830078124,1005.0451049804688,129.88299560546878,929.6056518554688,932.208251953125,906.432861328125,926.760498046875,928.5894165039062,929.1998291015624,948.63671875,1006.325439453125,814.0125732421875,963.7420043945312,804.2109375,720.9376831054688,985.6966552734376,1047.5382080078123,1027.1275634765623,795.4737548828125,1020.6234741210938,916.1845092773438,905.7955322265624,896.3533325195312,929.6383056640624,985.8841552734376,931.9625854492188,1053.121826171875,1028.1043701171877,951.7588500976562,967.2069091796876,967.67724609375,949.2367553710938
152.03492736816406,325.81109619140625,47.4351692199707,182.73779296875,58.08244705200195,736.1373291015625,967.380859375,589.2369995117188,1036.927490234375,50.690513610839844,915.9021606445312,1064.15869140625,982.564453125,1016.3871459960938,966.119140625,825.4916381835938,442.22894287109375,918.946044921875,910.7546997070312,65.99127197265625,914.021484375,958.5271606445312,55.18445587158203,45.11557388305664,936.3191528320312,864.0431518554688,965.86328125,1034.6854248046877,981.145263671875,941.0617065429688,930.7230834960938,872.2175903320312,896.1966552734375,515.5242309570311,1013.7911376953124,889.1589965820312,745.5328369140625,1000.233154296875,884.565673828125,973.0059814453124,1103.9293212890623,937.8505249023438,1145.004638671875,997.5450439453124,916.2267456054688,381.3924865722656,939.7138061523438,1056.395263671875,1056.360595703125,945.5558471679688,936.655029296875,884.92041015625,899.572509765625,991.6416625976562,848.747802734375,970.0045776367188,977.5460815429688,263.85272216796875,957.9501342773438,949.643310546875,973.4286499023438,987.1451416015624,991.0211791992188,710.6912231445312,1054.4227294921877,914.71533203125,937.992919921875,464.96966552734375,846.9702758789062,186.8927001953125,543.7086181640625,1024.7613525390623,983.7081298828124,1007.696044921875,1004.969970703125,130.90711975097656,935.183837890625,933.8921508789062,903.2684936523438,920.25048828125,937.354736328125,925.12353515625,942.666748046875,1004.01708984375,810.5767211914062,965.344970703125,804.2611694335938,718.3341674804688,976.0919799804688,1051.290283203125,1018.7203979492188,794.02978515625,1012.8374633789062,915.1639404296876,908.5584106445312,895.1427612304688,920.1062622070312,988.4304809570312,932.662841796875,1047.304443359375,1028.937255859375,952.7913208007812,962.6937866210938,968.5560302734376,948.2408447265624
152.47024536132812,323.21484375,47.005126953125,183.3365020751953,57.6539421081543,741.071533203125,970.1595458984376,591.0228271484375,1030.2410888671877,49.21036911010742,914.1673583984376,1059.2869873046877,982.302001953125,1020.301513671875,962.5386352539062,819.41259765625,439.44232177734375,921.458984375,910.884033203125,65.87335968017578,915.3062133789062,956.4415283203124,52.70327758789063,43.71009063720703,936.0404052734376,858.3305053710938,969.087890625,1034.6014404296877,974.0017700195312,938.3915405273438,931.3850708007812,878.7529296875,891.1394653320312,520.3338012695311,1011.7465209960938,890.8953247070312,750.1800537109375,999.8556518554688,887.65380859375,982.1279907226562,1113.872802734375,937.4656982421876,1148.1185302734375,1009.9720458984376,914.5509033203124,378.2673034667969,941.0567626953124,1054.1873779296877,1056.9085693359377,952.1185302734376,940.7098999023438,877.4415283203125,900.8162841796876,990.5949096679688,851.55078125,981.20703125,967.9559936523438,273.42861938476557,955.9421997070312,947.514404296875,964.7478637695312,988.6096801757812,994.3640747070312,715.7623901367188,1053.726806640625,913.8157958984376,934.4338989257812,463.6900329589844,852.33837890625,187.04466247558597,547.4127807617189,1031.2528076171877,982.7413940429688,1011.172119140625,1005.8628540039062,129.39216613769528,923.7504272460938,937.629150390625,906.3751831054688,927.126220703125,930.9702758789062,924.39404296875,939.6598510742188,1004.55322265625,811.6937866210938,962.089111328125,810.7267456054688,726.0396728515625,982.255126953125,1050.304931640625,1022.77099609375,785.7863159179688,1011.2144165039062,913.3829345703124,905.6199340820312,892.8927612304688,919.8790283203124,991.28515625,924.9288940429688,1040.3299560546877,1028.90869140625,960.02001953125,962.2211303710938,968.910888671875,953.83935546875
152.32749938964844,325.59405517578125,46.59374618530274,185.3514862060547,58.83369064331055,740.1136474609375,966.6456909179688,593.0120239257812,1027.6475830078123,48.7065315246582,916.6466064453124,1059.8623046875,980.0198364257812,1025.6461181640623,964.1096801757812,825.4935302734375,442.0235290527344,921.8118896484376,914.6644897460938,64.44760894775389,913.2161865234376,957.0584716796876,53.58811950683594,44.1999626159668,941.2267456054688,860.4867553710938,975.04638671875,1034.067138671875,979.7588500976562,944.7527465820312,932.6332397460938,868.74755859375,890.5960083007812,519.779296875,1016.9884643554688,876.2274780273438,749.8601684570312,1000.6317138671876,885.96533203125,981.8748779296876,1118.5439453125,940.8937377929688,1149.5465087890625,1001.9127197265624,910.4039916992188,389.5475769042969,937.349609375,1058.4456787109377,1055.5106201171877,952.2809448242188,943.5183715820312,885.2777709960938,890.6642456054688,987.5126342773438,856.0558471679688,979.22265625,977.8919677734376,275.17648315429693,955.7202758789062,949.78515625,972.2433471679688,999.2966918945312,995.1021728515624,713.9793090820312,1059.00048828125,911.6481323242188,929.1904907226562,465.9532165527344,852.7770385742188,191.2183074951172,542.9102172851561,1035.6640625,993.6558227539062,1018.5132446289062,1002.3713989257812,133.53153991699222,924.7111206054688,933.4424438476562,906.75634765625,929.5423583984376,937.0530395507812,924.1747436523438,946.895751953125,1004.3037719726562,803.0756225585938,969.1553344726562,809.7223510742188,723.482177734375,972.8569946289062,1049.508056640625,1025.6011962890623,791.7237548828125,1005.751220703125,924.9912719726562,906.129638671875,895.3932495117188,927.66650390625,989.7536010742188,933.4984741210938,1050.1173095703123,1028.4063720703123,961.65478515625,959.3383178710938,969.8748168945312,955.39208984375
149.734130859375,329.078369140625,47.03815460205078,187.8895721435547,58.66276550292969,738.5447387695312,963.4619750976562,593.9085693359375,1037.3621826171877,50.793128967285156,915.8775634765624,1065.5831298828123,986.39111328125,1022.2017822265624,968.7986450195312,832.34912109375,436.906982421875,919.91357421875,913.750732421875,65.55503082275389,911.7418823242188,956.6526489257812,55.56608963012695,45.101844787597656,946.66650390625,862.13037109375,971.3480834960938,1032.860107421875,984.7953491210938,942.0899658203124,931.6713256835938,875.1380615234375,887.7111206054688,523.72802734375,1010.417236328125,877.1923217773438,747.4038696289062,1005.9217529296876,886.1021728515625,981.21875,1128.8089599609375,943.2080688476562,1150.92529296875,1003.6719970703124,915.1199340820312,387.9253234863281,938.085205078125,1066.153564453125,1059.4708251953123,952.3654174804688,939.2088623046876,880.8616333007812,894.5961303710938,990.0233154296876,862.501953125,983.8942260742188,976.3591918945312,275.54678344726557,951.7689208984376,951.0607299804688,984.1039428710938,996.7003173828124,992.6779174804688,719.7485961914062,1053.0054931640623,920.9579467773438,936.5389404296876,469.0747375488281,857.3569946289062,192.1715087890625,551.9096069335939,1036.4710693359377,991.8111572265624,1009.189697265625,1006.8619384765624,134.03387451171878,927.3211059570312,937.5466918945312,911.3411865234376,932.736328125,933.7540283203124,925.9734497070312,949.8739624023438,1005.2588500976562,801.9766235351562,962.461669921875,813.710693359375,721.04443359375,975.8805541992188,1045.5157470703123,1021.4822998046876,790.8795776367188,1016.87255859375,920.6737060546876,913.20361328125,900.25439453125,918.3997802734376,987.0745239257812,939.16064453125,1044.625244140625,1033.7491455078123,957.38720703125,960.1387939453124,963.8265991210938,946.43310546875
150.62017822265625,324.3851013183594,45.85057830810547,184.91030883789062,58.939735412597656,746.9127807617188,962.5061645507812,588.7706298828125,1033.945556640625,51.99604415893555,912.7393188476562,1063.47021484375,976.01953125,1026.5086669921877,965.0427856445312,831.2156982421875,438.6580505371094,923.7852783203124,913.5623168945312,65.74746704101561,913.2459716796876,958.3943481445312,55.08388137817383,43.64337921142578,943.8396606445312,860.3401489257812,975.767578125,1038.420166015625,980.1795043945312,938.8233032226562,935.1707153320312,877.1364135742188,890.7863159179688,515.4551391601561,1014.7971801757812,880.99267578125,752.2081909179688,1002.0773315429688,887.4910278320312,979.4729614257812,1112.3330078125,943.8316040039062,1138.49609375,1004.4421997070312,923.5833740234376,383.1109008789063,935.8458862304688,1065.0882568359377,1060.1947021484377,952.6033325195312,935.55419921875,895.0145874023438,895.3760375976562,987.8741455078124,858.725830078125,982.4116821289062,981.239013671875,270.825927734375,957.89404296875,948.3843383789062,979.9102783203124,992.0135498046876,1000.5635375976562,717.35791015625,1054.9527587890623,918.3544311523438,938.0498657226562,465.9118957519531,854.9329833984375,192.10934448242188,547.2420043945311,1031.500244140625,990.99951171875,1010.2348022460938,1001.8928833007812,128.78440856933594,932.7907104492188,937.641357421875,906.6378784179688,923.6571655273438,937.9221801757812,925.4072875976562,939.78662109375,1000.7451171875,811.707275390625,965.6825561523438,812.1091918945312,721.7764892578125,972.8076782226562,1046.0528564453123,1013.1404418945312,793.2639770507812,1008.5226440429688,916.2378540039062,910.6879272460938,893.6387939453125,922.5907592773438,988.0216674804688,932.2420043945312,1041.6343994140623,1023.8905029296876,957.6783447265624,963.5252075195312,962.637939453125,944.1233520507812
150.30332946777344,325.9039306640625,45.39287567138672,183.4195556640625,56.6767692565918,737.5532836914062,963.1834106445312,585.4558715820312,1027.9420166015623,49.40234756469727,913.166015625,1061.048095703125,971.2776489257812,1020.2490844726562,963.436279296875,823.9091186523438,437.64654541015625,919.296142578125,911.90673828125,64.44894409179689,910.40771484375,956.8816528320312,54.14875411987305,45.002891540527344,944.6861572265624,863.4358520507812,969.6971435546876,1035.30224609375,974.4864501953124,942.0569458007812,929.7202758789062,875.0238647460938,894.26953125,508.944580078125,1014.7379760742188,877.981201171875,745.5967407226562,1003.580322265625,884.81298828125,976.4083251953124,1103.9912109375,938.0505981445312,1143.5626220703125,1001.0338134765624,912.7451782226562,387.7953186035156,938.1170043945312,1065.6864013671877,1059.6004638671877,949.5733032226562,935.8569946289062,881.2415771484375,894.09716796875,987.7994384765624,864.6463012695312,981.640625,972.0629272460938,274.38455200195307,954.4239501953124,947.7184448242188,979.5100708007812,988.49462890625,994.94775390625,719.2017211914062,1058.2105712890623,923.1580810546876,937.299560546875,464.3136901855469,853.9984130859375,190.59678649902344,549.4208374023439,1029.2998046875,986.5689697265624,1008.4002685546876,1007.7033081054688,128.37454223632812,928.9286499023438,933.3431396484376,908.1344604492188,929.3168334960938,937.7687377929688,926.2169799804688,943.2091674804688,1007.5667114257812,809.1345825195312,969.10498046875,805.4676513671875,721.889892578125,980.18310546875,1047.8726806640623,1021.1697998046876,793.3504028320312,1019.2653198242188,909.2073364257812,910.33837890625,898.871826171875,927.5904541015624,988.8870239257812,932.869140625,1049.4798583984377,1031.3907470703123,948.7536010742188,958.4435424804688,962.91357421875,942.4786376953124
151.2212371826172,324.5684509277344,48.66095352172852,184.5045166015625,58.27397155761719,729.9722290039062,961.6095581054688,593.5673828125,1024.4521484375,49.23225021362305,913.93408203125,1056.777587890625,978.1670532226562,1012.4718627929688,963.49365234375,826.3282470703125,439.2845764160156,919.119873046875,908.9549560546876,63.85820388793945,913.3065185546876,956.1499633789062,53.934852600097656,45.58623123168945,940.5778198242188,860.2675170898438,965.7794799804688,1038.48876953125,980.4609375,940.2405395507812,936.1737060546876,871.6658935546875,887.2373657226562,515.04345703125,1009.79052734375,882.8239135742188,743.8772583007812,1007.0562133789062,881.7127685546875,972.1649780273438,1106.8660888671877,943.0252685546876,1146.5323486328125,1006.7687377929688,918.903564453125,386.08294677734375,939.694091796875,1056.437744140625,1054.82470703125,948.7794189453124,943.3557739257812,883.05859375,898.34326171875,990.1563720703124,852.723876953125,979.22998046875,978.787109375,270.94857788085943,956.96337890625,948.6427001953124,975.4086303710938,987.8757934570312,987.7959594726562,712.6094360351562,1061.1104736328123,917.77392578125,935.7029418945312,465.1842651367188,850.2042236328125,188.1459045410156,546.643798828125,1024.2052001953123,983.9519653320312,1005.8981323242188,1006.6083374023438,128.44671630859378,922.4337768554688,938.60400390625,910.0155029296876,926.155517578125,935.173583984375,927.6482543945312,947.794189453125,1012.6998291015624,808.7744750976562,962.60546875,808.4497680664062,722.61962890625,985.8088989257812,1057.9091796875,1020.2177124023438,793.9605712890625,1025.3895263671877,917.7136840820312,911.0466918945312,901.8088989257812,926.3257446289062,985.2918701171876,930.3505249023438,1054.16650390625,1031.223388671875,951.040283203125,962.2545166015624,963.6085815429688,949.22900390625
152.82373046875,326.5834655761719,45.5369873046875,184.06954956054688,56.857948303222656,735.7940063476562,964.64892578125,594.2451782226562,1033.0882568359377,49.734657287597656,914.4002685546876,1058.2596435546877,979.2243041992188,1018.6996459960938,963.3536376953124,822.61279296875,442.0558166503906,923.0238647460938,913.4367065429688,65.54299926757811,912.499267578125,951.23681640625,53.377113342285156,43.45559692382813,942.15869140625,862.281982421875,971.5806884765624,1038.437255859375,977.8726196289062,941.4205322265624,933.40966796875,879.5686645507812,894.3418579101562,518.5217895507811,1018.483642578125,886.050048828125,748.00927734375,1001.418701171875,884.8527221679688,979.8922729492188,1101.6439208984377,936.3427124023438,1147.21484375,1006.5933227539062,917.528076171875,384.6178283691406,942.0330200195312,1060.7425537109377,1056.1685791015623,951.411376953125,936.52490234375,886.4610595703125,896.66552734375,986.7080688476562,852.4470825195312,975.0707397460938,975.27197265625,272.06484985351557,953.2360229492188,944.0368041992188,981.3630981445312,986.1189575195312,994.3685302734376,710.867431640625,1053.300048828125,914.2047729492188,934.0501708984376,461.5209045410156,846.3460693359375,188.9752960205078,543.6744995117189,1031.68603515625,984.5281372070312,1005.1184692382812,1006.960205078125,128.32931518554688,931.27197265625,934.16259765625,902.2239990234376,928.344970703125,935.065673828125,926.7943115234376,946.45068359375,998.7451782226562,809.6691284179688,961.3585815429688,807.2794799804688,720.7489624023438,978.1325073242188,1048.4442138671877,1014.2716064453124,793.0491943359375,1017.6514282226562,916.5712280273438,909.6017456054688,897.1183471679688,929.1642456054688,986.2651977539062,931.4317626953124,1048.38232421875,1027.1947021484377,955.264892578125,965.62451171875,963.405029296875,950.1293334960938
149.91415405273438,321.96710205078125,46.7033576965332,180.30056762695312,57.18810272216797,734.4804077148438,966.2548828125,589.3775024414062,1037.6439208984377,52.28437042236328,911.8416137695312,1056.548583984375,976.5240478515624,1017.03759765625,968.6259155273438,818.330078125,433.5789489746094,922.850341796875,908.6265258789062,66.11358642578125,909.3189697265624,954.7994384765624,53.93762588500977,45.65274429321289,940.6907958984376,864.3165283203125,964.0615844726562,1029.2509765625,974.1427001953124,934.96875,925.90869140625,874.8999633789062,895.3367309570312,521.0433959960939,1018.2833251953124,886.4157104492188,739.4655151367188,1006.0897216796876,883.9705810546875,982.0088500976562,1093.1707763671877,938.8076782226562,1149.0826416015625,1000.5350341796876,918.0067749023438,379.1119995117188,943.6696166992188,1062.6561279296877,1058.4102783203123,950.50439453125,939.9583740234376,891.8729248046875,896.9293823242188,991.5001220703124,862.350341796875,977.212158203125,975.6868896484376,271.40859985351557,950.0223999023438,950.8482666015624,977.975830078125,995.086669921875,996.6470947265624,715.8131103515625,1053.71484375,920.3175659179688,935.7283935546876,460.46282958984375,849.4286499023438,193.096923828125,546.9010620117189,1029.7691650390623,983.98681640625,1014.6876220703124,998.06591796875,130.9871826171875,926.3975219726562,937.8411865234376,899.751953125,933.2550659179688,937.0104370117188,927.0252685546876,947.1277465820312,1008.2073364257812,809.806884765625,974.183837890625,807.2695922851562,720.49462890625,969.9723510742188,1058.4532470703123,1031.8883056640623,790.5626220703125,1017.7916259765624,920.633544921875,909.7062377929688,892.2120971679688,927.9421997070312,994.3345947265624,933.5602416992188,1052.58544921875,1034.4246826171877,953.6611938476562,961.8850708007812,966.0642700195312,955.298095703125
148.21812438964844,328.7771911621094,47.44823837280274,185.73399353027344,56.78338241577149,738.93115234375,968.0390625,591.9666748046875,1036.5582275390623,49.859413146972656,912.253173828125,1061.19873046875,968.012451171875,1019.9947509765624,972.9402465820312,830.1016845703125,440.8985900878906,921.2139282226562,911.9210815429688,65.7333984375,914.2816772460938,958.2247314453124,53.11688232421875,45.24030685424805,939.9827270507812,861.1810913085938,969.3575439453124,1028.8746337890623,980.7621459960938,938.2951049804688,936.0668334960938,873.9118041992188,893.4220581054688,520.8580322265625,1007.1998291015624,882.7919311523438,746.8250122070312,998.8771362304688,886.7506103515625,971.3670654296876,1086.5009765625,937.8576049804688,1139.53271484375,997.8414916992188,925.0203247070312,382.7775268554688,939.1194458007812,1057.092041015625,1057.0869140625,946.291748046875,933.7388916015624,888.5119018554688,898.2738647460938,989.4484252929688,861.49267578125,977.9006958007812,982.6774291992188,270.99542236328125,947.79833984375,944.5180053710938,979.4480590820312,988.2310791015624,999.2118530273438,710.9291381835938,1050.6953125,921.0009155273438,934.6251220703124,462.1751708984375,847.8964233398438,186.2489013671875,541.8311767578125,1026.57080078125,993.5650634765624,1010.6807861328124,1002.213623046875,131.46493530273438,933.705078125,936.862060546875,905.6292114257812,925.771484375,942.5972290039062,921.733154296875,942.7326049804688,1001.8467407226562,809.47119140625,970.865234375,806.3474731445312,714.2273559570312,973.385498046875,1045.597412109375,1024.68359375,794.303955078125,1008.0297241210938,915.2276000976562,906.0377197265624,895.0178833007812,916.01806640625,993.7713012695312,932.2115478515624,1045.0054931640623,1031.397216796875,954.8204345703124,963.130859375,968.3421020507812,952.7871704101562
151.30043029785156,320.3759460449219,47.46029663085938,181.8773956298828,56.27874374389648,739.591064453125,962.09716796875,594.7427978515625,1029.620361328125,49.93340301513672,908.8102416992188,1058.6024169921877,982.6565551757812,1017.489501953125,959.9241333007812,815.652587890625,439.2281494140625,918.21826171875,911.994873046875,64.84426116943361,910.051513671875,949.6510009765624,54.991661071777344,43.45832824707031,938.440673828125,864.8305053710938,962.647216796875,1031.2730712890623,973.5272216796876,933.2866821289062,929.9376220703124,872.823486328125,889.8319091796875,517.3833618164061,1010.0271606445312,886.055908203125,745.137451171875,1001.162109375,883.5617065429688,975.286376953125,1090.4324951171877,931.4539184570312,1136.5048828125,1003.7049560546876,919.9906616210938,384.0322570800781,939.0001220703124,1056.4058837890623,1049.025146484375,950.9684448242188,935.0061645507812,887.093017578125,895.22607421875,989.4217529296876,856.06005859375,975.4436645507812,978.7008666992188,270.99508666992193,950.706298828125,949.0744018554688,971.4815063476562,985.4182739257812,989.2927856445312,711.7576904296875,1055.2490234375,915.99853515625,935.746337890625,461.4038391113281,842.3921508789062,189.1112823486328,541.5458984375,1024.4688720703123,986.6364135742188,1007.4203491210938,1002.9857177734376,129.96168518066406,928.36474609375,932.02685546875,908.669921875,923.3873291015624,938.4713745117188,928.6045532226562,943.7680053710938,1002.2525634765624,810.4359741210938,968.5252685546876,799.1232299804688,716.36279296875,976.2432250976562,1044.1339111328123,1019.626953125,794.885986328125,1001.6714477539062,907.673095703125,914.494873046875,892.491455078125,920.3248291015624,982.0643310546876,927.9652709960938,1041.24755859375,1023.5269165039062,952.828125,960.0584106445312,966.3954467773438,948.6296997070312
149.364013671875,321.401611328125,47.08488845825195,184.39288330078125,54.85481262207031,732.9320068359375,964.7000122070312,586.9580688476562,1019.671142578125,50.3831787109375,913.7130126953124,1057.9619140625,980.2130737304688,1016.0531616210938,954.9942626953124,819.5491333007812,436.3209838867188,919.9498291015624,914.9200439453124,64.60720062255861,913.3006591796876,951.3330688476562,54.66538619995117,44.7896842956543,932.331298828125,858.6570434570312,962.7345581054688,1023.1744384765624,978.68115234375,939.4564819335938,925.1942749023438,869.3623657226562,893.0470581054688,513.5383911132811,1009.5009155273438,891.7015380859375,739.1458740234375,995.2303466796876,892.0484008789062,978.0477905273438,1090.4805908203123,938.1980590820312,1142.74169921875,1011.7525634765624,924.005859375,378.985595703125,938.2606811523438,1050.7291259765623,1049.5960693359377,946.711669921875,943.0828247070312,888.6412353515625,896.6192626953125,988.602294921875,849.389892578125,967.1043090820312,975.4515991210938,270.682373046875,947.0228271484376,949.38623046875,959.3903198242188,992.1664428710938,987.21337890625,714.8849487304688,1052.248046875,904.0552978515624,935.4005126953124,465.24127197265625,852.7506713867188,186.74562072753903,544.1690673828125,1023.1002197265624,976.315185546875,1016.7477416992188,1001.5667114257812,130.86538696289062,919.2384643554688,934.0335083007812,909.5216674804688,925.5986938476562,939.7144165039062,923.2522583007812,944.8165283203124,1007.9979858398438,814.7322387695312,964.2413940429688,797.5227661132812,719.3202514648438,978.6182250976562,1050.8743896484377,1019.4334106445312,794.4098510742188,1008.40576171875,906.4177856445312,915.7770385742188,894.6876831054688,920.02734375,987.0678100585938,926.0261840820312,1047.1783447265623,1033.0933837890623,952.0862426757812,959.183837890625,958.4959716796876,948.215576171875
152.9749298095703,326.8251953125,45.55010986328125,185.09127807617188,57.36081314086914,740.3291625976562,965.094970703125,583.18310546875,1025.9337158203123,50.808937072753906,911.9450073242188,1063.6263427734377,986.6185302734376,1012.156982421875,961.3265991210938,825.016357421875,440.5389099121094,921.56591796875,908.7236938476562,65.50318908691406,918.1605834960938,953.0657958984376,52.318443298339844,43.923736572265625,941.763671875,862.5100708007812,964.2202758789062,1034.3765869140623,982.1014404296876,945.031982421875,929.74267578125,870.7821655273438,887.1778564453125,514.2271118164061,1010.8257446289062,887.6759643554688,735.63720703125,997.28173828125,887.89111328125,972.7098999023438,1094.3594970703123,937.05712890625,1144.12060546875,1001.8338012695312,927.1439208984376,383.69384765625,934.428466796875,1057.3089599609377,1049.513671875,946.8347778320312,943.0164184570312,884.67236328125,893.0070190429688,981.04052734375,850.582275390625,972.9017944335938,985.4249877929688,270.68701171875,955.8126831054688,950.5723876953124,981.8551635742188,986.7366333007812,989.6182250976562,714.6220092773438,1061.6483154296877,908.8236083984376,931.844970703125,457.98431396484375,847.7222900390625,184.72433471679688,546.2111206054689,1031.4586181640623,976.4542846679688,1015.6357421875,1007.2575073242188,132.66877746582028,936.469970703125,934.1140747070312,906.057373046875,926.5739135742188,935.9292602539062,927.2572021484376,946.708251953125,1010.204833984375,815.990234375,966.3843383789062,805.12255859375,721.16259765625,986.8494873046876,1052.2939453125,1018.6522216796876,798.9874267578125,1018.8307495117188,909.791015625,912.2657470703124,896.02734375,936.2642822265624,984.809814453125,935.9068603515624,1043.1468505859377,1030.1763916015623,957.0523071289062,959.3463134765624,962.0784301757812,952.0540771484376
154.63711547851562,328.171142578125,47.42976760864258,181.86241149902344,58.144325256347656,739.5930786132812,967.64599609375,588.5530395507812,1034.2396240234377,48.14804458618164,918.49755859375,1057.620361328125,985.1703491210938,1015.2376708984376,962.639404296875,824.0216674804688,439.2922058105469,920.2498168945312,912.5291748046876,64.96791839599611,911.7474365234376,947.1448364257812,53.23474884033203,44.14958953857422,943.2115478515624,861.1195068359375,965.132080078125,1037.467041015625,981.0687866210938,938.4842529296876,930.5012817382812,881.037841796875,890.2674560546875,514.1530151367189,1013.5384521484376,892.9376220703125,744.6758422851562,997.1137084960938,879.4124145507812,973.5953979492188,1091.7294921875,936.248779296875,1143.2730712890625,1006.1149291992188,918.4026489257812,383.68927001953125,939.9531860351562,1058.6910400390623,1057.744384765625,946.17626953125,938.9708862304688,886.225341796875,902.9068603515624,987.1677856445312,843.522216796875,967.5430908203124,977.5359497070312,271.13156127929693,955.5001220703124,948.89794921875,978.334716796875,988.84375,991.0895385742188,712.9601440429688,1054.7763671875,905.9522094726562,940.2247314453124,459.0577087402344,843.3836059570312,190.78770446777344,543.914306640625,1032.43408203125,974.4265747070312,1007.9337158203124,1005.3585815429688,131.55833435058594,929.6873779296876,934.5565185546876,902.6505737304688,926.4423217773438,939.4254760742188,922.7586059570312,943.7232666015624,1001.7651977539062,809.950927734375,962.47998046875,806.9769897460938,720.0765380859375,979.8482666015624,1050.19287109375,1018.02880859375,793.4175415039062,1024.0963134765623,913.3844604492188,911.1119384765624,896.1936645507812,929.4114990234376,990.173828125,931.3562622070312,1053.3671875,1029.5679931640623,951.551513671875,965.84375,962.1971435546876,947.6696166992188
150.9381561279297,328.7973327636719,46.7689323425293,183.8540344238281,56.962120056152344,741.0564575195312,966.6891479492188,590.9742431640625,1035.074462890625,52.10305786132813,912.6918334960938,1058.2197265625,995.7288208007812,1018.3515625,961.8402709960938,821.0480346679688,449.18646240234375,921.460205078125,911.86572265625,67.54175567626953,908.6703491210938,948.2303466796876,54.20674133300781,46.83456802368164,941.1671752929688,859.5366821289062,968.7755737304688,1037.2366943359377,976.4255981445312,937.0525512695312,932.1072998046876,876.5994262695312,887.6896362304688,517.7866821289061,1013.8118896484376,881.7435302734375,742.779541015625,1005.4364624023438,884.81640625,978.0601196289062,1094.882080078125,938.0336303710938,1141.5677490234375,1005.292236328125,919.08544921875,386.78662109375,936.2791137695312,1054.0823974609377,1057.6607666015623,949.560546875,939.4002075195312,887.3383178710938,895.2312622070312,989.9774780273438,849.100830078125,976.2385864257812,973.90625,272.04354858398443,956.7022094726562,944.7793579101562,975.076171875,990.1355590820312,986.5763549804688,712.85107421875,1058.34130859375,905.9807739257812,936.6747436523438,459.5724792480469,849.0750122070312,190.7381591796875,544.5180053710939,1031.9842529296877,984.9679565429688,1016.504150390625,1001.4046020507812,131.35287475585938,925.2340698242188,938.4358520507812,901.2950439453124,924.047607421875,934.5774536132812,927.2852783203124,945.3111572265624,1017.7884521484376,809.5343017578125,963.9581909179688,810.3837890625,728.5425415039062,974.9747924804688,1049.854248046875,1021.1463623046876,792.4581909179688,1028.2353515625,919.9143676757812,909.4168090820312,894.2007446289062,926.3715209960938,989.4352416992188,932.9247436523438,1049.383544921875,1028.105712890625,955.322265625,963.2160034179688,965.6163940429688,954.1369018554688
151.0483856201172,331.1081237792969,47.06703186035156,182.9735870361328,59.3792839050293,734.9925537109375,965.1114501953124,593.0554809570312,1035.57373046875,51.90269470214844,918.1253051757812,1061.994140625,986.4083862304688,1023.6055908203124,965.29248046875,821.6121215820312,444.7959899902344,919.5042114257812,910.091796875,61.27500534057617,911.6067504882812,953.0223999023438,54.701744079589844,44.53742980957031,942.93798828125,860.2144165039062,971.4396362304688,1041.486572265625,983.1209106445312,938.0057373046876,933.4031372070312,884.110107421875,890.1190185546875,520.5338745117189,1011.7794189453124,882.21142578125,744.7720336914062,1003.4788208007812,883.0377197265625,983.22021484375,1099.505615234375,940.2888793945312,1142.56982421875,1003.2254028320312,919.8837280273438,387.87646484375,940.4279174804688,1061.906005859375,1059.5494384765623,951.0883178710938,940.1493530273438,884.662841796875,896.3170166015625,994.3474731445312,850.4778442382812,978.2300415039062,979.5850219726562,271.5430908203125,952.600830078125,949.322265625,977.6858520507812,990.934814453125,982.627685546875,714.0198974609375,1059.6357421875,912.7653198242188,935.9888916015624,464.168212890625,851.5487060546875,187.0113525390625,546.23095703125,1028.120849609375,985.81494140625,1014.1840209960938,1008.534423828125,130.7274169921875,928.774169921875,943.1904907226562,907.8706665039062,926.200439453125,940.3120727539062,925.4263916015624,944.4702758789062,1021.7408447265624,810.3535766601562,962.748046875,810.3380737304688,725.04296875,978.4314575195312,1050.6712646484377,1025.3724365234377,794.311767578125,1023.9127197265624,919.1245727539062,914.3816528320312,899.25390625,928.4254760742188,990.3322143554688,932.16015625,1055.6190185546877,1031.9598388671877,959.2686157226562,959.582763671875,965.2312622070312,948.2938842773438
154.2662353515625,328.5703125,46.85379409790039,182.517578125,56.329345703125,737.2860717773438,967.9332885742188,589.6954956054688,1029.4193115234377,50.93990707397461,914.212890625,1058.9161376953123,989.2188720703124,1021.8663940429688,966.4317626953124,823.3185424804688,445.8467712402344,920.8661499023438,912.1858520507812,65.46577453613281,914.5611572265624,958.2041625976562,55.732505798339844,44.7248649597168,937.8631591796876,864.6581420898438,970.6423950195312,1040.8333740234377,978.5427856445312,940.2140502929688,931.1189575195312,882.42529296875,885.8125,519.595703125,1019.8759155273438,882.7366333007812,748.2955322265625,1006.0817260742188,884.061767578125,979.8257446289062,1104.04638671875,943.8093872070312,1145.4334716796875,1004.7632446289062,917.97119140625,382.091064453125,938.8234252929688,1060.2884521484377,1058.29541015625,953.4269409179688,938.9185791015624,878.7554321289062,894.6753540039062,994.240234375,850.2246704101562,980.063720703125,979.4576416015624,273.680419921875,956.02197265625,945.7540893554688,983.7513427734376,994.6394653320312,990.0785522460938,710.0066528320312,1061.6865234375,911.7449340820312,936.3057250976562,462.4502868652344,848.8064575195312,189.7665252685547,545.2398681640625,1031.226318359375,992.3497314453124,1013.2632446289062,1006.875732421875,132.04704284667972,934.0986938476562,932.9070434570312,907.8646240234376,926.6082153320312,933.9642944335938,926.4972534179688,948.4998168945312,1013.7913208007812,805.02587890625,962.2100219726562,814.177490234375,729.3304443359375,980.65869140625,1044.4901123046877,1020.1864624023438,797.8685302734375,1017.6824340820312,922.0850219726562,908.0958862304688,897.1954956054688,933.032470703125,989.8201904296876,935.0022583007812,1044.5731201171877,1021.6805419921876,959.7017822265624,964.6101684570312,968.6251220703124,949.431640625
153.39828491210938,327.0634460449219,49.17967224121094,182.68931579589844,57.89059829711914,744.4901123046875,969.81103515625,594.45068359375,1032.2288818359377,50.9013557434082,912.703125,1058.9599609375,989.7217407226562,1022.3467407226562,965.7557373046876,825.6340942382812,442.9004821777344,919.4306030273438,911.4474487304688,65.66384124755861,912.2247924804688,956.1817626953124,56.66412734985352,46.30222702026367,939.8796997070312,861.010986328125,980.1925659179688,1038.351806640625,977.1353759765624,940.629150390625,932.5668334960938,878.4395751953125,889.5924072265625,521.8627319335939,1021.3156127929688,889.3406372070312,743.9754028320312,1008.4164428710938,887.719482421875,990.7283935546876,1119.9847412109377,939.3734741210938,1151.46826171875,1008.5183715820312,917.3679809570312,381.7504577636719,941.046875,1064.5523681640623,1062.7293701171877,952.20947265625,943.2241821289062,885.505126953125,899.342529296875,996.6693115234376,855.1182861328125,976.8245239257812,990.3347778320312,272.35025024414057,961.5111083984376,950.1585083007812,986.9666137695312,990.8800659179688,990.42529296875,710.82666015625,1061.772705078125,913.2898559570312,935.4127197265624,464.1548156738281,850.1286010742188,190.35086059570312,546.7124633789061,1037.532470703125,983.5411987304688,1006.5670776367188,1008.9052124023438,130.98751831054688,934.7852783203124,936.7657470703124,907.3930053710938,927.45068359375,929.347900390625,922.2492065429688,944.6163940429688,1007.5130615234376,809.7255859375,970.3820190429688,812.89453125,728.1648559570312,978.3796997070312,1051.92626953125,1021.4388427734376,794.1604614257812,1018.2898559570312,925.90576171875,909.9920654296876,895.1520385742188,929.6082153320312,990.1358032226562,930.955810546875,1046.3914794921877,1031.2269287109377,959.0907592773438,967.51025390625,966.96240234375,952.3460083007812
155.0762939453125,327.06982421875,49.69772720336914,185.8766326904297,56.9113883972168,744.6826782226562,965.7808227539062,584.8660888671875,1038.6851806640623,48.05878067016602,912.6505126953124,1064.2275390625,978.7747802734376,1018.40234375,964.73828125,822.3988647460938,447.0279541015625,917.0020141601562,912.068359375,64.17465972900389,908.8903198242188,956.4771728515624,53.7230339050293,45.279502868652344,946.330078125,864.5736083984375,974.9321899414062,1039.070556640625,980.79296875,941.8035278320312,929.5155029296876,873.5067749023438,892.6229248046875,517.0465698242189,1011.3689575195312,884.1670532226562,742.261474609375,1000.54052734375,880.8823852539062,978.137451171875,1123.35302734375,941.2765502929688,1148.9410400390625,998.668701171875,908.8982543945312,385.538818359375,939.6524658203124,1062.8968505859377,1055.0126953125,949.3056030273438,937.6310424804688,881.284423828125,895.787109375,993.069091796875,858.4124145507812,977.6898803710938,974.5607299804688,270.2606201171875,957.0073852539062,947.3219604492188,980.485595703125,990.766845703125,993.1847534179688,714.9265747070312,1052.1318359375,918.8428344726562,935.36279296875,461.05853271484375,846.0135498046875,192.1571807861328,550.1168212890625,1034.3333740234377,995.3258666992188,1009.5704345703124,1008.138671875,133.93785095214844,932.0970458984376,936.8355102539062,909.34619140625,929.34912109375,931.1837158203124,932.7372436523438,950.3079833984376,1009.0234375,807.1978759765625,964.0101928710938,814.0075073242188,731.5090942382812,975.8118896484376,1050.1031494140623,1013.2152709960938,799.9071655273438,1017.11083984375,920.8009643554688,910.8533325195312,893.4971313476562,933.6831665039062,984.04638671875,929.32470703125,1056.102783203125,1030.20947265625,957.8107299804688,962.921142578125,969.97802734375,943.2606811523438
152.4286346435547,325.1297912597656,46.73198699951172,181.91917419433597,58.36543273925781,745.7333374023438,964.8558959960938,584.9920043945312,1039.23388671875,51.39444351196289,912.3306884765624,1062.746337890625,978.9240112304688,1016.4727783203124,967.21826171875,824.1683349609375,437.5874938964844,923.975341796875,910.5145263671876,62.17931365966797,909.9635009765624,959.1392822265624,55.28833770751953,43.23072052001953,948.21826171875,865.7527465820312,964.0151977539062,1030.2144775390623,979.6589965820312,940.9337768554688,927.302001953125,864.604248046875,897.5010375976562,516.1901245117189,1018.2755126953124,887.016845703125,742.0271606445312,1008.5841064453124,887.2777709960938,981.90234375,1103.6986083984377,941.6643676757812,1149.10693359375,1007.7175903320312,912.9627075195312,382.3453674316406,937.7417602539062,1062.3726806640623,1059.7880859375,955.367919921875,937.5755615234376,884.885498046875,898.9954833984375,994.3153686523438,863.95361328125,978.4650268554688,977.6401977539062,271.79278564453125,950.9325561523438,944.7069091796876,979.3140258789062,991.7421875,993.727294921875,718.6253051757812,1054.0228271484377,920.4157104492188,933.1480102539062,466.72955322265625,849.1952514648438,194.46128845214844,550.4201049804689,1028.63037109375,987.3184814453124,1010.9595336914062,1003.5112915039062,133.32505798339844,928.5086059570312,933.5961303710938,904.4116821289062,928.6435546875,937.3538208007812,926.3101196289062,946.5767822265624,1006.253173828125,810.6502685546875,964.3862915039062,809.7875366210938,723.4200439453125,978.50341796875,1053.6572265625,1026.40478515625,794.3018798828125,1016.5925903320312,913.8283081054688,907.795654296875,894.7028198242188,932.6197509765624,989.94091796875,934.1884155273438,1052.359375,1027.2769775390623,949.5515747070312,965.8602905273438,970.1658325195312,950.0818481445312
153.3722686767578,328.8750915527344,48.31246948242188,180.6311187744141,58.04395294189453,733.3585815429688,964.923828125,587.9306640625,1039.842041015625,50.39311599731445,908.1213989257812,1064.04345703125,973.5509643554688,1012.1431884765624,968.6032104492188,819.9247436523438,435.1610412597656,920.0203857421876,907.1138916015624,61.8284912109375,909.98388671875,960.270263671875,54.77204895019531,44.53915786743164,943.2786254882812,857.4376831054688,961.5582885742188,1031.2352294921877,977.3338012695312,939.335205078125,930.1463623046876,868.5584716796875,892.4954833984375,519.62255859375,1012.6162719726562,879.2761840820312,744.7138061523438,1002.7355346679688,880.6409301757812,979.465576171875,1108.0189208984377,940.1514282226562,1154.04736328125,1002.6895751953124,913.5438842773438,384.7027282714844,932.8999633789062,1062.5909423828123,1056.9970703125,948.7556762695312,935.7130126953124,885.370849609375,894.7908325195312,993.1192016601562,859.8015747070312,978.7303466796876,976.2892456054688,273.67578125,960.526123046875,943.39697265625,971.5764770507812,992.2681884765624,1002.79150390625,721.180908203125,1058.5179443359377,916.3025512695312,934.9441528320312,468.2799072265625,854.1262817382812,186.2615509033203,549.7785034179689,1023.3655395507812,990.6819458007812,1014.6743774414062,1002.509765625,131.52822875976562,923.6858520507812,934.9741821289062,908.3185424804688,932.92138671875,943.7099609375,922.264404296875,947.3624877929688,1000.9562377929688,813.5206909179688,966.34228515625,803.4945068359375,713.387451171875,976.5177001953124,1051.5531005859377,1033.60791015625,796.6375122070312,1004.8882446289062,908.4406127929688,911.7803344726562,899.4990844726562,914.059326171875,996.9232177734376,933.7609252929688,1047.971435546875,1028.0594482421877,951.0036010742188,958.7072143554688,971.501953125,949.6158447265624
150.09349060058594,327.2643737792969,49.673057556152344,178.1864471435547,59.71287155151367,732.1627807617188,959.526611328125,585.7755737304688,1039.21630859375,49.38991928100586,910.5289306640624,1061.4515380859377,971.6705322265624,1014.3590698242188,960.6467895507812,817.0307006835938,434.3825073242188,921.85302734375,908.8234252929688,65.71631622314453,906.7905883789062,961.6458740234376,55.62160110473633,43.91889572143555,940.0453491210938,857.1412963867188,967.4939575195312,1029.742431640625,972.9382934570312,935.9314575195312,934.425048828125,869.3489990234375,890.5470581054688,512.9000244140625,1015.5986938476562,876.573486328125,752.6871948242188,997.7950439453124,883.0626831054688,977.9212646484376,1095.609375,938.6350708007812,1151.5306396484375,1004.7918090820312,919.0542602539062,383.0600891113281,939.0178833007812,1063.6810302734377,1056.2764892578123,950.0740356445312,934.2169799804688,885.5826416015625,896.7286376953125,994.1996459960938,859.2218627929688,981.9562377929688,982.09765625,270.44387817382807,952.9266967773438,950.7229614257812,968.8294677734376,989.45751953125,1002.6763916015624,720.2009887695312,1050.4486083984377,917.5829467773438,934.8898315429688,466.7447509765625,855.2220458984375,187.9175262451172,549.533935546875,1023.0464477539062,995.5320434570312,1014.808837890625,1004.5621948242188,132.2899169921875,922.2462768554688,936.7191772460938,909.357421875,935.2445678710938,936.8713989257812,926.9627075195312,942.8701782226562,1007.0393676757812,816.1900634765625,964.7211303710938,809.1843872070312,714.8038940429688,977.75439453125,1051.8975830078123,1026.0595703125,792.0436401367188,1017.4603271484376,918.4766845703124,907.01318359375,898.5847778320312,917.068359375,990.743408203125,930.9056396484376,1050.5953369140623,1033.07177734375,956.5446166992188,967.694091796875,964.387451171875,953.4466552734376
150.0701904296875,324.2915344238281,45.4702033996582,186.3950042724609,54.507728576660156,738.7139892578125,974.0499877929688,596.7285766601562,1035.2806396484377,48.88465881347656,919.3046875,1062.8150634765623,984.0818481445312,1019.2763061523438,971.9933471679688,819.54443359375,436.8034973144531,923.874267578125,912.4729614257812,65.16634368896484,914.650146484375,954.2111206054688,53.80424880981445,45.3643684387207,946.5952758789062,860.3164672851562,974.568359375,1036.7086181640623,980.837890625,937.9451904296876,927.622314453125,872.2728271484375,895.1329956054688,521.517333984375,1014.0739135742188,898.3078002929688,749.3501586914062,1003.7030029296876,887.4984741210938,975.5773315429688,1092.8453369140623,938.235107421875,1144.5872802734375,999.62158203125,921.0140991210938,383.24615478515625,938.0681762695312,1054.5670166015623,1064.3721923828123,949.2564697265624,933.3096313476562,888.891357421875,892.3357543945312,989.3233032226562,851.4988403320312,977.4591064453124,975.4230346679688,270.99655151367193,956.1578979492188,945.1703491210938,977.5076293945312,988.3840942382812,984.8439331054688,710.96044921875,1051.162353515625,909.3046875,936.5977783203124,465.2709655761719,842.2904052734375,186.5242919921875,545.2843017578125,1030.8492431640623,984.6600341796876,1006.1627807617188,1007.2566528320312,129.86825561523438,925.4932250976562,934.0289916992188,905.4988403320312,929.1242065429688,934.3946533203124,925.387939453125,951.718017578125,1009.14990234375,808.0523681640625,962.7079467773438,812.0316772460938,721.6397094726562,981.076904296875,1053.340576171875,1017.2265625,796.8369750976562,1005.781982421875,918.0913696289062,910.3736572265624,894.2420654296875,931.1680908203124,985.7699584960938,932.5979614257812,1057.1480712890623,1027.6318359375,953.0654907226562,967.7074584960938,961.6681518554688,952.8174438476562
155.1553955078125,329.09375,45.23334121704102,188.2642822265625,59.21506118774414,747.106689453125,966.5518188476562,596.417724609375,1031.4344482421877,51.06774520874024,920.3004760742188,1055.2633056640623,989.1365966796876,1010.9962768554688,963.1673583984376,821.5557861328125,439.631591796875,915.9358520507812,909.5027465820312,64.82103729248047,912.8245239257812,950.4119873046876,52.78909683227539,43.51152420043945,936.0099487304688,864.5621948242188,966.16015625,1035.1004638671877,985.2169189453124,936.5240478515624,932.7943115234376,868.3865966796875,889.7432250976562,522.1972045898439,1009.9325561523438,882.9507446289062,745.1002807617188,998.8560791015624,883.6528930664062,979.1488647460938,1089.4703369140623,937.4495239257812,1147.9896240234375,1000.1024780273438,929.91943359375,384.5599060058594,940.1475219726562,1064.1844482421877,1051.6923828125,947.32177734375,934.8365478515624,890.8828125,894.9681396484375,989.6148071289062,848.1277465820312,978.8829956054688,977.32275390625,274.13876342773443,951.907470703125,947.668701171875,978.2118530273438,996.1014404296876,990.897216796875,710.8733520507812,1055.584228515625,902.62548828125,936.6627197265624,458.67572021484375,847.0732421875,187.4630126953125,542.4197387695311,1035.161865234375,990.0625,1009.0807495117188,1004.5437622070312,130.18647766113278,934.4017333984376,936.4669189453124,905.7863159179688,918.4683227539062,935.830810546875,926.4251708984376,947.9837646484376,999.5748291015624,810.615234375,963.4429321289062,807.013427734375,720.5343627929688,981.4498901367188,1045.1466064453123,1016.9585571289062,794.1016845703125,1005.6211547851562,919.5896606445312,913.3817749023438,896.2271728515625,933.278564453125,988.0466918945312,932.4776611328124,1054.5003662109377,1028.0184326171877,952.9573364257812,969.3291625976562,963.4178466796876,951.2600708007812
147.24156188964844,317.6128845214844,46.35491943359375,180.1608428955078,57.27109146118164,730.1121826171875,966.0711059570312,581.0665893554688,1027.2698974609377,47.10422897338867,913.4675903320312,1062.1734619140623,979.3132934570312,1020.3533935546876,962.502685546875,818.5623779296875,436.7849426269531,921.1461791992188,911.99267578125,61.28872299194336,913.243408203125,959.76123046875,50.46547317504883,42.74504470825195,941.15966796875,858.9998168945312,968.6387939453124,1033.6856689453123,978.9703979492188,945.1505126953124,934.4522094726562,869.4729614257812,898.7775268554688,513.3615112304689,1008.2005615234376,877.7124633789062,747.6289672851562,992.7098999023438,889.185546875,976.264892578125,1105.680419921875,932.3258666992188,1141.3482666015625,1003.4993896484376,929.0646362304688,387.3192443847656,934.4378051757812,1057.218017578125,1059.35791015625,949.4923095703124,940.4739990234376,881.3840942382812,898.1113891601562,995.43212890625,850.0946655273438,984.4564819335938,981.1348876953124,271.56903076171875,952.2459716796876,945.4119873046876,973.1365356445312,990.6670532226562,992.2216186523438,714.601806640625,1055.8238525390623,913.3851928710938,934.40185546875,460.4851379394531,852.6951293945312,187.15982055664062,550.864501953125,1029.5977783203123,990.126953125,1009.283447265625,1006.0120239257812,128.50883483886722,928.809814453125,939.4849853515624,905.9971313476562,920.8097534179688,937.586181640625,929.2543334960938,944.8416137695312,1006.6525268554688,813.4304809570312,965.9953002929688,812.1290283203125,715.154296875,976.9555053710938,1051.06494140625,1020.3147583007812,790.575927734375,1016.2026977539062,916.6519165039062,903.1346435546876,894.0446166992188,921.154296875,988.6109008789062,931.7000122070312,1047.243408203125,1023.0958251953124,959.37548828125,965.0252075195312,967.7501220703124,949.0653686523438
147.93594360351562,318.97979736328125,47.06241989135742,179.68154907226562,56.6775016784668,736.3080444335938,956.5529174804688,584.3584594726562,1024.276611328125,50.52664184570313,909.7987060546876,1060.787353515625,981.24853515625,1011.94921875,961.3153686523438,819.1056518554688,434.1854248046875,920.3416748046876,911.8908081054688,62.08115768432617,917.4168090820312,957.4705200195312,54.72075271606445,45.14614486694336,936.76953125,857.9669799804688,963.8905029296876,1027.6634521484377,977.18408203125,938.4166259765624,934.3087158203124,871.3484497070312,893.0516967773438,511.7133483886719,1014.895751953125,881.8421020507812,740.8812866210938,994.4149780273438,879.5880126953125,971.484130859375,1092.7353515625,934.4690551757812,1140.4385986328125,1002.6568603515624,920.5855102539062,382.77581787109375,937.1129760742188,1056.726806640625,1047.94775390625,951.305908203125,940.63525390625,884.0916748046875,897.1415405273438,988.699951171875,862.9100341796875,973.6826782226562,979.029296875,269.7806396484375,950.0899658203124,951.5313720703124,974.7722778320312,982.91748046875,998.2413940429688,711.8365478515625,1053.5941162109377,926.325439453125,934.3203125,461.7409057617188,851.8984375,190.85304260253903,544.99755859375,1028.7603759765623,979.8394165039062,1014.7783203125,1002.927001953125,129.27764892578122,932.0296020507812,937.2172241210938,904.5558471679688,931.371826171875,942.0756225585938,921.876953125,941.4891967773438,1000.705078125,814.2205200195312,973.2321166992188,804.8761596679688,720.1492309570312,976.7635498046876,1047.497802734375,1023.2478637695312,793.7705078125,1021.4605102539062,915.1602783203124,910.494140625,897.971435546875,928.55810546875,991.1499633789062,932.02490234375,1043.6102294921877,1029.460205078125,958.2140502929688,959.5357666015624,966.8359375,949.3084106445312
148.55494689941406,316.4893493652344,45.69354248046875,184.6360015869141,58.16976928710938,736.8518676757812,963.7581176757812,590.1150512695312,1029.40185546875,50.11249923706055,907.5697021484376,1056.440185546875,976.291015625,1023.9741821289062,960.772216796875,823.08154296875,437.8004150390625,923.56298828125,912.8526000976562,64.28598785400389,917.1868896484376,952.42626953125,54.76555252075195,43.06169128417969,933.339111328125,861.0470581054688,969.4496459960938,1040.81982421875,975.2719116210938,936.5645141601562,934.1795654296876,879.8922729492188,884.6707153320312,510.91693115234375,1007.956298828125,882.9573364257812,747.568115234375,1003.7035522460938,881.7774658203125,977.4791259765624,1103.66162109375,939.5443115234376,1146.830322265625,1002.7067260742188,917.5599365234376,381.3382263183594,943.6323852539062,1061.958251953125,1058.8544921875,951.1189575195312,937.8497314453124,887.4607543945312,899.4720458984375,993.395751953125,862.0925903320312,974.64599609375,980.1846313476562,273.20199584960943,953.4105834960938,941.6195678710938,967.8187866210938,986.19873046875,994.8282470703124,712.4026489257812,1049.959228515625,932.31494140625,939.915283203125,461.8332214355469,849.0658569335938,189.43096923828125,541.3660278320311,1021.31787109375,985.7664184570312,1004.0629272460938,1001.0433959960938,128.11442565917972,922.9089965820312,932.87646484375,902.69189453125,928.9984741210938,930.1764526367188,928.1753540039062,941.9424438476562,996.686767578125,810.1411743164062,968.5545043945312,803.0611572265625,715.509033203125,971.7269897460938,1051.44482421875,1016.6583862304688,793.4136352539062,1007.9173583984376,912.1189575195312,906.8076782226562,892.6343383789062,916.74365234375,991.578857421875,931.4685668945312,1051.5478515625,1029.1259765625,957.1272583007812,956.3322143554688,960.0339965820312,947.829345703125
147.11477661132812,324.52752685546875,47.37177658081055,184.4938507080078,55.52175903320313,739.6906127929688,964.0244750976562,587.3110961914062,1034.6514892578123,50.66091918945313,914.339111328125,1061.03662109375,989.2674560546876,1024.5201416015623,960.3928833007812,825.0693359375,438.480224609375,926.10791015625,912.344970703125,65.13965606689453,917.9229736328124,951.64111328125,54.282508850097656,44.11156845092773,939.2868041992188,858.9928588867188,975.4995727539062,1035.0384521484377,978.7017822265624,939.0184936523438,933.2107543945312,879.2648315429688,889.9463500976562,511.6468811035156,1014.1117553710938,884.728515625,747.0285034179688,1002.9635009765624,885.09130859375,980.4879760742188,1102.589599609375,938.54833984375,1142.9085693359375,997.1277465820312,914.787841796875,385.27862548828125,938.4400634765624,1055.4722900390623,1055.9619140625,950.1117553710938,944.1558227539062,886.56494140625,896.2312622070312,987.54736328125,864.2725219726562,981.9340209960938,978.3131103515624,273.9208984375,953.4962158203124,948.724609375,971.1397094726562,983.14404296875,994.2529907226562,710.0354614257812,1059.9339599609377,923.1062622070312,931.5516967773438,459.68072509765625,848.331298828125,188.17626953125,541.6951293945311,1029.2601318359377,988.9769897460938,1011.9225463867188,1004.053466796875,131.95283508300778,924.5419311523438,934.5310668945312,905.092529296875,926.802734375,937.794189453125,925.055419921875,944.6063842773438,1014.2364501953124,812.2496337890625,978.9884643554688,808.0662841796875,719.2250366210938,980.43896484375,1052.1053466796877,1018.1746215820312,796.9512939453125,1017.5697021484376,916.7067260742188,906.2318115234376,891.1867065429688,922.9533081054688,995.0822143554688,926.6851196289062,1046.503662109375,1032.3582763671877,960.8064575195312,962.38818359375,964.2719116210938,953.6228637695312
147.5352783203125,322.35675048828125,47.18507385253906,186.7934875488281,56.906494140625,739.1434936523438,962.51904296875,591.7117919921875,1025.565673828125,50.94306945800781,916.04345703125,1056.7120361328123,984.225830078125,1027.58740234375,964.7877197265624,829.0313110351562,440.1659240722656,923.4821166992188,914.37451171875,66.72225952148439,910.6424560546876,954.89501953125,55.71750259399414,43.8720817565918,937.6853637695312,865.5234375,974.1019897460938,1033.4683837890623,974.8800659179688,939.2614135742188,929.7619018554688,872.423095703125,891.9158325195312,519.2078857421875,1014.55322265625,874.54541015625,752.120849609375,1008.150390625,887.7987060546875,978.8909301757812,1111.0108642578123,941.8023071289062,1150.8575439453125,1011.0405883789062,918.90771484375,378.8786315917969,939.2938842773438,1062.5777587890623,1063.30078125,947.8095092773438,938.7881469726562,886.7638549804688,895.9100341796875,990.5165405273438,860.2055053710938,985.1388549804688,976.2108154296876,275.89669799804693,956.4749145507812,946.3045654296876,980.8101196289062,991.422607421875,996.953125,720.3843383789062,1055.727294921875,920.6876831054688,934.1009521484376,464.0718688964844,850.0737915039062,191.99420166015625,545.0288696289061,1024.9052734375,987.0549926757812,1010.098388671875,1003.8084106445312,129.35302734375,930.354248046875,937.4755249023438,904.4453125,927.8615112304688,932.971923828125,925.7447509765624,938.965576171875,1010.8015747070312,805.9669189453125,973.4476928710938,802.2041015625,719.1251831054688,980.270263671875,1058.1309814453123,1021.7599487304688,790.1067504882812,1018.8369750976562,915.9595947265624,907.2869873046876,894.996826171875,925.184326171875,985.6027221679688,929.7977294921876,1051.2950439453123,1029.12646484375,961.2013549804688,958.266845703125,965.4703979492188,945.2223510742188
148.37939453125,322.97216796875,47.71342468261719,187.54737854003903,58.90036392211914,732.4776611328125,964.3820190429688,589.9762573242188,1029.0316162109377,52.09671020507813,908.75390625,1057.5589599609377,974.6286010742188,1019.0548706054688,966.108154296875,821.3395385742188,435.1595458984375,920.1458740234376,911.8506469726562,66.09700775146484,912.8018188476562,953.815185546875,52.77579879760742,44.85495376586914,946.6895751953124,861.7306518554688,967.5111083984376,1032.7662353515623,978.5709228515624,938.1721801757812,934.7736206054688,867.64892578125,892.0279541015625,517.8269653320311,1021.7492065429688,884.4312133789062,741.4818115234375,1016.7570190429688,884.5265502929688,982.9164428710938,1104.7972412109377,945.48583984375,1154.8250732421875,1010.2052612304688,911.6505737304688,384.335693359375,939.0724487304688,1062.6683349609377,1061.5672607421877,953.9478759765624,939.4322509765624,882.8302612304688,893.9364624023438,989.6331176757812,863.3157958984375,987.335205078125,976.1978759765624,271.79476928710943,954.16650390625,951.219970703125,978.169189453125,989.8526000976562,997.2567749023438,718.2532958984375,1060.4566650390623,923.8445434570312,933.6976928710938,471.77642822265625,857.3135375976562,192.04855346679688,550.65673828125,1027.5440673828123,991.7214965820312,1016.344482421875,1006.4918823242188,129.47830200195312,933.1701049804688,935.1110229492188,908.826904296875,936.64404296875,933.6767578125,927.7067260742188,946.2406616210938,1006.8185424804688,809.467529296875,968.5106811523438,802.4580078125,721.5262451171875,977.2919311523438,1050.8837890625,1025.4619140625,792.5497436523438,1017.3728637695312,909.6595458984376,908.1260375976562,893.1500854492188,928.3219604492188,990.5537719726562,933.8419189453124,1044.024658203125,1028.700439453125,956.09716796875,961.2686157226562,963.3782958984376,948.3244018554688
149.4046630859375,324.46722412109375,50.29138946533203,181.47560119628903,56.085609436035156,733.7698974609375,968.74609375,590.578369140625,1031.707275390625,50.11249923706055,909.525390625,1063.3863525390623,975.8125,1018.8568115234376,969.3798217773438,823.8807983398438,443.37213134765625,921.1044311523438,911.06640625,65.66358184814453,908.4553833007812,955.0321655273438,53.04000854492188,45.61963653564453,947.7000122070312,862.1803588867188,967.9866333007812,1036.970703125,980.4131469726562,939.0408935546876,932.4911499023438,873.3182373046875,891.0592041015625,519.484619140625,1022.9129028320312,886.498779296875,746.2354736328125,1008.6200561523438,883.184326171875,981.9457397460938,1118.9892578125,949.33837890625,1154.8470458984375,1016.4815063476562,917.4519653320312,384.467041015625,939.90087890625,1063.1591796875,1065.271728515625,953.346923828125,939.2504272460938,880.0316772460938,897.0949096679688,992.4093627929688,864.9201049804688,986.3070678710938,976.498046875,272.061767578125,959.1891479492188,943.9959716796876,978.0418090820312,995.7205200195312,995.9183959960938,723.0238647460938,1065.3770751953123,922.5001831054688,935.188720703125,470.7705078125,857.7958374023438,188.6102752685547,556.45947265625,1031.411376953125,994.5939331054688,1010.8955078125,1011.151123046875,130.37309265136722,919.7743530273438,931.6609497070312,915.5662841796876,937.4901123046876,932.7852783203124,925.0203857421876,935.6444091796876,1007.1047973632812,815.2150268554688,967.0833740234376,806.7855224609375,720.8414916992188,979.052001953125,1046.877685546875,1030.5211181640623,798.9340209960938,1010.74169921875,915.6917114257812,907.2269897460938,892.5889282226562,917.823486328125,983.0009155273438,928.3760375976562,1047.0894775390623,1027.32080078125,952.811767578125,960.3726196289062,971.5438842773438,950.106689453125
149.71804809570312,329.0350036621094,46.97308349609375,182.2305145263672,56.93623352050781,740.5411987304688,968.44921875,592.4927368164062,1027.8812255859377,51.30380630493164,914.55615234375,1062.3385009765623,978.2904663085938,1016.4795532226562,967.4061279296876,825.3084106445312,449.4653930664063,926.880126953125,909.3344116210938,69.56546020507811,910.8536987304688,956.8303833007812,55.29379272460938,46.91665649414063,937.7091674804688,861.1873168945312,970.782470703125,1036.084228515625,978.3076782226562,941.2881469726562,931.5960083007812,877.4908447265625,891.60302734375,519.2026977539061,1016.5416259765624,890.5700073242188,742.0602416992188,998.9095458984376,890.99072265625,979.9642333984376,1123.6375732421877,940.7957153320312,1150.4713134765625,1013.60546875,917.6232299804688,385.5064086914063,938.4970092773438,1063.1348876953123,1061.5494384765623,947.5675659179688,938.4514770507812,887.2576293945312,896.64697265625,991.9526977539062,855.3709716796875,983.2246704101562,977.795166015625,269.89895629882807,950.2821655273438,947.2388916015624,973.7997436523438,992.8331909179688,1000.1742553710938,720.4392700195312,1062.662353515625,915.9439697265624,933.9304809570312,467.4927673339844,857.3812866210938,189.487548828125,554.5914916992189,1029.0428466796877,986.0465698242188,1011.4512939453124,1003.0419311523438,132.15756225585938,925.1668090820312,934.2105102539062,905.0868530273438,929.3138427734376,933.7161254882812,920.2589721679688,939.84814453125,1005.9923095703124,810.5150756835938,967.8810424804688,807.634765625,726.354248046875,977.1267700195312,1052.6768798828123,1026.742431640625,793.0392456054688,1013.50048828125,915.3583374023438,907.4083251953124,893.7303466796875,921.7515258789062,984.041748046875,923.3410034179688,1041.654296875,1031.5179443359377,947.97119140625,961.5174560546876,971.9968872070312,951.8521728515624
157.3319854736328,328.4061584472656,47.08029174804688,183.9238586425781,57.5433349609375,739.6346435546875,962.4744873046876,588.7459106445312,1026.3531494140623,49.09020614624024,915.35205078125,1061.6285400390623,975.5020751953124,1015.720703125,959.93310546875,826.6035766601562,444.345947265625,920.322998046875,909.2564697265624,64.56915283203125,909.5645141601562,953.4818115234376,51.51904296875,43.97706985473633,939.961181640625,863.53173828125,965.6917114257812,1037.440185546875,977.3123168945312,934.7470092773438,930.91748046875,880.990966796875,890.4376831054688,519.7562866210939,1012.8933715820312,890.0133666992188,743.2693481445312,997.542236328125,885.078125,978.2238159179688,1098.5545654296877,938.4332885742188,1138.9697265625,1006.0203857421876,920.7726440429688,383.757080078125,943.2067260742188,1056.8121337890623,1058.7574462890623,947.200439453125,939.1375122070312,881.3507690429688,893.6270751953125,990.462158203125,847.7710571289062,976.6171875,974.3519897460938,272.02655029296875,957.1987915039062,948.6006469726562,983.2250366210938,991.2927856445312,987.6871948242188,713.70556640625,1061.5841064453123,904.1898803710938,939.9274291992188,462.2330322265625,848.274169921875,189.25718688964844,549.30810546875,1029.771728515625,976.8859252929688,1009.110107421875,1003.2447509765624,131.32200622558594,934.5775146484376,942.3036499023438,910.6085815429688,924.6553344726562,938.3310546875,923.037841796875,946.5405883789062,1004.760498046875,808.2683715820312,963.028564453125,808.638916015625,724.716796875,982.232421875,1052.4508056640623,1023.997314453125,799.5596923828125,1017.8839721679688,914.4044799804688,912.3282470703124,895.8511352539062,921.7531127929688,984.7612915039062,932.201904296875,1043.086669921875,1029.3961181640623,950.4100341796876,963.8602905273438,964.5901489257812,953.359375
153.70404052734375,327.7596435546875,46.13367080688477,185.58737182617188,59.00553894042969,739.2949829101562,967.357421875,592.0238647460938,1025.4306640625,50.74227905273438,908.9913940429688,1059.5748291015623,979.72412109375,1018.9219970703124,963.8885498046876,825.41748046875,440.1136779785156,919.1397094726562,910.5228271484376,64.75224304199219,909.80908203125,949.3175659179688,53.2216796875,43.231441497802734,944.3733520507812,861.91943359375,967.6272583007812,1041.402099609375,979.8726196289062,944.014892578125,930.68896484375,876.83837890625,888.638671875,517.4007568359375,1020.405029296875,888.2239990234375,749.6486206054688,1003.3697509765624,884.5465698242188,982.6902465820312,1104.936279296875,936.8497314453124,1141.3748779296875,1007.65234375,922.2300415039062,379.3713073730469,943.5100708007812,1058.90234375,1050.955322265625,949.8927001953124,938.4526977539062,887.8058471679688,901.0816040039062,990.39013671875,848.5662231445312,969.2305908203124,978.3655395507812,272.86062622070307,955.2958374023438,951.2220458984376,975.4391479492188,989.887451171875,991.1349487304688,709.305419921875,1057.3641357421877,909.568359375,937.3832397460938,460.0168151855469,844.4920043945312,191.58432006835938,539.8128662109375,1025.2197265625,983.5315551757812,1014.8344116210938,1002.69677734375,131.44432067871094,928.9876708984376,932.9644165039062,907.9354248046876,925.0040893554688,940.7745361328124,926.7655029296876,951.6983032226562,1009.5348510742188,811.8063354492188,969.6592407226562,806.07763671875,719.6956787109375,976.3642578125,1050.5469970703123,1017.8888549804688,794.4375,1005.8841552734376,912.2881469726562,909.880126953125,897.9933471679688,921.4747924804688,988.87255859375,931.5716552734376,1045.0098876953123,1028.8643798828123,949.77734375,963.61669921875,961.6641845703124,948.7445678710938
152.4361572265625,325.7610168457031,46.8431510925293,189.9737701416016,56.60698318481445,740.1671142578125,962.8092041015624,591.4427490234375,1040.096435546875,48.53740692138672,913.1027221679688,1059.1871337890623,990.8272094726562,1025.786865234375,967.0423583984376,827.3517456054688,442.8744201660156,915.5816040039062,907.391357421875,64.11628723144531,913.6583251953124,958.3138427734376,54.190673828125,44.04366302490234,942.438720703125,864.6716918945312,970.3882446289062,1038.9195556640623,978.221923828125,936.6829833984376,931.1485595703124,870.22998046875,889.7443237304688,519.7481689453125,1016.899169921875,884.4552612304688,744.5894775390625,1002.7312622070312,884.9283447265625,984.1690063476562,1097.96435546875,943.0588989257812,1145.7628173828125,1005.12744140625,915.7067260742188,385.034912109375,934.4070434570312,1058.7474365234377,1058.8231201171877,953.4349365234376,939.21240234375,886.09130859375,899.197265625,994.960205078125,855.561279296875,981.67041015625,977.40478515625,271.758056640625,951.9763793945312,948.8939819335938,978.6423950195312,994.6856689453124,994.2449340820312,712.5164184570312,1055.1385498046877,913.1879272460938,935.9288940429688,464.0818786621094,850.791259765625,188.88108825683597,546.8430786132811,1033.4034423828123,988.6873168945312,1014.7305297851562,1005.3220825195312,135.04908752441406,930.2881469726562,936.8440551757812,909.44677734375,931.4617309570312,941.800537109375,932.02880859375,948.7933959960938,1019.6726684570312,807.5496826171875,966.8775634765624,814.6461791992188,727.3826904296875,982.4068603515624,1052.0196533203123,1023.1951904296876,798.7164306640625,1017.9763793945312,924.17578125,915.3265991210938,899.6305541992188,917.6847534179688,994.2117309570312,938.4904174804688,1054.0224609375,1031.2943115234377,962.3274536132812,969.7717895507812,966.7313842773438,951.5177612304688
151.7209014892578,327.0179443359375,47.01572799682617,182.298828125,56.5721435546875,740.0291137695312,965.4010009765624,587.2701416015625,1037.11767578125,53.17459106445313,914.891845703125,1064.3994140625,986.261474609375,1023.0557250976562,961.7130737304688,821.5631103515625,437.2579345703125,921.6925659179688,914.55615234375,66.00926971435547,914.7124633789062,959.9710083007812,54.133949279785156,45.1672248840332,938.6676635742188,855.1827392578125,970.0641479492188,1038.6573486328123,984.5978393554688,941.121826171875,935.4400634765624,881.16357421875,894.2794799804688,518.7239379882811,1012.9920654296876,875.7261352539062,742.4288940429688,1011.8643188476562,883.9354248046875,981.2752075195312,1105.240966796875,944.4510498046876,1147.35888671875,1000.2074584960938,925.9549560546876,386.7476501464844,940.0689697265624,1065.455322265625,1057.5140380859377,950.3695068359376,937.3269653320312,885.5782470703125,895.4865112304688,996.703857421875,850.6590576171875,979.5859375,980.5880737304688,268.042236328125,958.826904296875,946.63916015625,974.6242065429688,990.0860595703124,984.9666748046876,714.3894653320312,1052.10009765625,910.8895874023438,931.2125854492188,460.0817260742188,849.6478881835938,185.6949615478516,544.3068237304689,1027.713134765625,989.9448852539062,1012.4661254882812,1003.4779052734376,134.23599243164062,932.1306762695312,937.65478515625,903.9134521484376,924.0440063476562,933.496826171875,925.5657958984376,943.5945434570312,1003.0601196289062,812.9335327148438,965.3084716796876,811.3585205078125,722.7596435546875,971.9927978515624,1056.8402099609377,1024.4063720703123,797.8904418945312,1014.8572387695312,918.6893310546876,910.2943115234376,890.7686157226562,922.262451171875,995.9197387695312,933.219970703125,1050.3399658203123,1033.7686767578123,960.5772094726562,971.63916015625,967.828857421875,954.1419677734376
151.88320922851562,331.3844909667969,46.49903869628906,184.69509887695312,57.9034538269043,749.7615356445312,974.020751953125,592.9669799804688,1044.490966796875,51.62841415405274,917.4039916992188,1061.11181640625,986.5989990234376,1020.3748779296876,971.4181518554688,818.5150146484375,441.9661865234375,923.4158325195312,909.9169311523438,66.109619140625,918.582763671875,957.3258666992188,55.60891723632813,44.28153991699219,941.8264770507812,864.8509521484375,968.2609252929688,1033.3477783203123,979.544921875,941.1610717773438,929.5393676757812,873.84326171875,889.287109375,520.130615234375,1013.0964965820312,875.5772094726562,743.1680297851562,1003.784423828125,887.65771484375,974.7306518554688,1094.2828369140623,939.7923583984376,1144.6273193359375,996.824951171875,927.9244384765624,386.2311401367188,937.0736083984376,1057.1761474609377,1059.15771484375,947.9776000976562,940.6578979492188,894.7647705078125,895.3602905273438,988.8062133789062,851.5626831054688,974.0994262695312,980.716796875,271.91531372070307,952.1102905273438,946.12890625,980.6681518554688,992.7843627929688,992.3345947265624,716.0155029296875,1054.3076171875,910.7982177734376,935.73681640625,463.2602844238281,851.7807006835938,186.61788940429688,546.372802734375,1031.0941162109377,991.4083862304688,1008.3734741210938,1002.7609252929688,131.96903991699222,933.1580810546876,936.9354248046876,906.3841552734376,925.5503540039062,935.5128173828124,925.7852783203124,945.6859741210938,1005.948486328125,807.5108032226562,959.7076416015624,808.8584594726562,718.9458618164062,977.6212768554688,1050.56298828125,1026.6968994140623,790.4414672851562,1014.2744750976562,923.674560546875,913.8976440429688,898.1619873046875,927.16748046875,993.2877197265624,929.5433959960938,1038.0316162109377,1030.20556640625,957.4750366210938,953.20068359375,972.4783325195312,952.8279418945312
153.0023651123047,332.3958435058594,47.702064514160156,183.41818237304688,57.318885803222656,750.438720703125,966.9568481445312,592.8939819335938,1046.1937255859377,52.738807678222656,916.3478393554688,1061.4642333984377,978.13671875,1010.5277099609376,967.6408081054688,824.6758422851562,442.2630615234375,921.27099609375,909.8159790039062,65.93131256103516,908.4295043945312,953.7013549804688,54.31454467773438,45.654258728027344,939.1339721679688,865.1586303710938,958.55517578125,1030.6444091796877,975.49658203125,941.4783935546876,925.813720703125,867.7677001953125,886.6176147460938,517.6526489257811,1010.5042114257812,894.118408203125,737.1433715820312,997.8943481445312,887.9513549804688,970.2369384765624,1087.8843994140623,937.8754272460938,1138.9041748046875,996.9998779296876,915.3578491210938,387.1267395019531,942.81103515625,1051.6451416015623,1044.518798828125,945.1134033203124,931.4237060546876,895.2029418945312,897.2498168945312,989.565673828125,858.5339965820312,964.7164916992188,975.2849731445312,271.3321533203125,952.4835815429688,949.551513671875,980.9801635742188,982.6282958984376,993.239501953125,710.652587890625,1051.1812744140623,912.4766845703124,937.38134765625,463.48822021484375,847.9716186523438,186.0727386474609,543.5911254882811,1030.5819091796877,986.0144653320312,1004.7395629882812,1006.166748046875,130.52978515625,937.1030883789062,936.1392822265624,905.4286499023438,925.2791137695312,939.0266723632812,922.0665893554688,949.309814453125,1009.2456665039062,812.5394897460938,962.5477905273438,804.6857299804688,713.42236328125,976.83740234375,1043.4100341796877,1016.6487426757812,793.510498046875,1012.5716552734376,913.808349609375,913.5418090820312,897.7601928710938,927.9385375976562,988.5343627929688,930.0919189453124,1053.253662109375,1030.099853515625,949.8961791992188,967.5578002929688,963.6337280273438,947.705078125
150.3903350830078,327.8373107910156,47.74287033081055,182.0404052734375,56.62803268432617,743.0236206054688,963.3171997070312,582.5532836914062,1032.0018310546877,51.20683670043945,908.78271484375,1058.1890869140623,975.391357421875,1017.348388671875,966.3054809570312,819.8265991210938,440.0693359375,922.8049926757812,911.199951171875,63.90984725952149,909.45556640625,946.2012939453124,56.84709548950195,45.57931518554688,935.7864990234376,865.7205810546875,967.8479614257812,1033.0621337890623,969.655029296875,936.6864624023438,932.3793334960938,875.9618530273438,888.774658203125,515.0361328125,1010.21435546875,893.0548095703125,744.322998046875,1001.3493041992188,882.57080078125,970.88134765625,1097.6453857421877,933.4564819335938,1145.9716796875,997.0086059570312,921.185546875,375.9111022949219,936.8970947265624,1056.199951171875,1050.3687744140623,947.2557373046876,936.2763061523438,890.5250854492188,897.5989990234375,982.572265625,853.0320434570312,968.479736328125,983.471435546875,270.58709716796875,952.7916259765624,951.7378540039062,974.6649780273438,994.6680908203124,986.4071655273438,709.638671875,1051.51708984375,909.1565551757812,933.0861206054688,458.1095275878906,840.49609375,191.06288146972656,540.0182495117189,1027.6793212890623,979.1677856445312,1002.4924926757812,1000.1787719726562,130.5521240234375,927.8114624023438,935.4298706054688,904.7713012695312,922.90478515625,932.3823852539062,923.73779296875,940.537109375,1007.4779052734376,816.0126953125,964.2634887695312,802.4611206054688,719.33056640625,979.7282104492188,1046.1571044921877,1023.2738647460938,798.4323120117188,1013.8411865234376,909.48828125,905.7203979492188,893.670654296875,931.2074584960938,986.5094604492188,931.40283203125,1056.26904296875,1031.3709716796877,947.4586791992188,962.5343627929688,970.9908447265624,948.5433959960938
150.9979248046875,332.55169677734375,47.4854850769043,183.3631134033203,63.04824829101562,732.34814453125,957.6511840820312,586.6648559570312,1039.0230712890623,48.766334533691406,913.7630615234376,1059.28271484375,972.9708251953124,1009.41748046875,967.0095825195312,825.8218994140625,438.1205749511719,915.0908813476562,907.4155883789062,63.752845764160156,906.9595947265624,954.3395385742188,54.19955444335938,45.24467468261719,942.81103515625,859.6805419921875,965.559814453125,1026.322021484375,980.37158203125,932.7107543945312,925.9927978515624,875.1747436523438,892.3683471679688,519.5275268554689,1016.6708374023438,890.4454956054688,742.8176879882812,1004.684326171875,880.8001708984375,976.0095825195312,1074.0623779296877,938.4635009765624,1141.5286865234375,1003.6599731445312,924.92919921875,384.39642333984375,941.5006103515624,1055.3284912109377,1052.9534912109377,954.2437133789062,935.074951171875,876.6143188476562,898.02001953125,993.3359375,854.6599731445312,974.9660034179688,970.1209106445312,271.29287719726557,953.5692749023438,943.6971435546876,975.0402221679688,986.17919921875,991.2556762695312,717.2003784179688,1055.7540283203123,915.5076904296876,938.596435546875,460.0347595214844,848.3302612304688,188.8701477050781,546.0635375976561,1029.1800537109377,989.57080078125,1016.8440551757812,1006.4597778320312,128.68022155761722,922.07275390625,935.0590209960938,904.8953247070312,929.0255737304688,942.3949584960938,927.086669921875,949.0447387695312,1000.7691040039062,806.0200805664062,965.3610229492188,809.7785034179688,723.88427734375,976.671142578125,1051.2894287109377,1017.9161376953124,789.5191040039062,1016.2432250976562,920.8455200195312,914.4638061523438,898.0233154296875,927.684814453125,987.9541625976562,934.9373168945312,1045.2178955078123,1025.16455078125,953.7789916992188,959.1605834960938,962.2789916992188,948.56103515625
155.87802124023438,327.8962707519531,47.293617248535156,177.1018829345703,57.19350814819336,729.6806030273438,957.9763793945312,592.8961791992188,1021.8219604492188,50.43367385864258,906.344482421875,1060.4139404296877,975.789794921875,1013.3927001953124,954.4537353515624,818.556396484375,443.8570251464844,917.0703125,909.7967529296876,63.6414680480957,905.0240478515624,961.0474853515624,56.62492370605469,44.6816520690918,942.4464721679688,858.8536987304688,958.9833374023438,1033.4149169921877,975.42822265625,937.2002563476562,920.817138671875,866.5968627929688,888.7788696289062,516.1002807617189,1006.095703125,875.7905883789062,743.1228637695312,991.1945190429688,879.8051147460938,983.1837158203124,1114.3720703125,930.6456909179688,1149.8743896484375,1006.8090209960938,911.5381469726562,382.5549621582031,935.583984375,1069.5732421875,1058.6383056640623,949.85888671875,947.5718383789062,889.15185546875,892.4579467773438,989.8322143554688,849.9876098632812,975.0304565429688,987.3997802734376,271.52960205078125,957.9730834960938,951.8538208007812,983.08837890625,995.0578002929688,990.7596435546876,715.1187133789062,1058.7354736328123,912.03076171875,938.7525634765624,467.4643859863281,849.4224853515625,193.2933807373047,547.04443359375,1027.3905029296877,986.61181640625,1018.0809326171876,1004.73486328125,131.71852111816406,928.5802001953124,933.5817260742188,907.67236328125,926.9572143554688,940.6748046875,930.2373657226562,949.923828125,998.3386840820312,808.1795043945312,965.7220458984376,804.9307861328125,724.0482788085938,976.75537109375,1055.6563720703123,1020.760986328125,793.4822387695312,1022.7513427734376,909.303955078125,911.0318603515624,903.1495971679688,924.8592529296876,987.4324340820312,936.653564453125,1054.049560546875,1027.7664794921877,952.6458740234376,958.9899291992188,962.5743408203124,948.4949340820312
159.87586975097656,331.862548828125,47.25997543334961,179.78167724609375,56.22365951538086,728.9182739257812,965.985107421875,593.3162841796875,1025.1756591796877,49.13518524169922,918.3233032226562,1060.427978515625,972.3856811523438,1014.8775634765624,953.2973022460938,827.6608276367188,447.87139892578125,917.0528564453124,909.739501953125,65.58194732666016,909.4131469726562,956.4876708984376,55.70408248901367,43.805824279785156,942.7191772460938,861.1444091796875,963.3377075195312,1027.9842529296877,979.7305297851562,939.0147094726562,928.0017700195312,867.673095703125,891.5862426757812,519.5025634765625,1018.19482421875,887.2420043945312,744.1226196289062,997.2933959960938,894.4313354492188,980.5806884765624,1107.50927734375,938.5697021484376,1153.095703125,1008.2830200195312,910.681640625,385.2186279296875,933.8741455078124,1067.20703125,1056.5555419921877,948.8380126953124,939.6133422851562,879.6637573242188,896.6854248046875,987.2052612304688,853.0579223632812,979.7864990234376,980.1449584960938,272.38461303710943,960.2568969726562,947.6710815429688,971.5964965820312,989.9986572265624,992.1505737304688,715.2152709960938,1053.60693359375,907.139404296875,936.17138671875,466.389404296875,850.7400512695312,188.886962890625,548.2753295898439,1029.14501953125,982.0680541992188,1012.005615234375,1005.6251220703124,129.36746215820312,923.5046997070312,933.2408447265624,910.002685546875,924.9281616210938,937.5186767578124,926.1304321289062,950.4645385742188,1009.9387817382812,808.263916015625,965.6316528320312,800.4088134765625,728.5341186523438,973.7658081054688,1045.2867431640623,1022.6917114257812,791.1591186523438,1022.969482421875,905.5576782226562,913.8270874023438,898.3572998046875,929.32177734375,995.3594970703124,939.6331176757812,1049.4730224609377,1037.23779296875,944.9674072265624,961.8604125976562,965.3849487304688,950.7413940429688
153.5704803466797,315.3296813964844,46.18011093139648,181.62387084960938,54.99008178710938,732.0681762695312,973.5997314453124,586.8087768554688,1031.9742431640623,47.6117057800293,916.037109375,1057.5015869140623,982.733154296875,1016.36767578125,965.5736083984376,816.743408203125,429.4637756347656,919.5707397460938,914.5567626953124,61.59054565429688,911.4921875,956.5192260742188,52.8545150756836,44.68429565429688,948.5012817382812,859.912353515625,972.4942626953124,1033.509033203125,982.7366333007812,945.0836181640624,932.6519165039062,875.76025390625,893.990234375,517.3862915039061,1012.6748657226562,879.3670654296875,742.4818725585938,994.39453125,883.7197875976562,974.4248657226562,1103.91796875,937.8683471679688,1138.5760498046875,998.5480346679688,907.48876953125,388.066162109375,936.4214477539062,1050.38671875,1048.1043701171877,954.40771484375,934.5828247070312,882.08447265625,898.2576293945312,991.1613159179688,850.33056640625,967.22265625,973.8823852539062,272.17617797851557,949.3800659179688,940.0496215820312,971.5391845703124,991.0394897460938,990.8697509765624,710.47021484375,1055.32568359375,910.3131103515624,930.642333984375,462.2474670410156,847.142822265625,189.9261474609375,546.97119140625,1030.552978515625,981.9127197265624,1012.024658203125,1002.188232421875,132.18618774414062,931.4959716796876,935.587890625,900.0545043945312,928.87646484375,932.3338623046876,925.69482421875,949.8821411132812,1012.36181640625,804.47119140625,953.744140625,815.0671997070312,721.968505859375,974.4302978515624,1047.7054443359377,1019.7699584960938,791.4710693359375,1021.8966064453124,923.9283447265624,910.55859375,896.0792846679688,922.2346801757812,985.7857666015624,931.0515747070312,1047.46142578125,1028.50830078125,956.7019653320312,961.6754760742188,961.0121459960938,945.6719970703124
150.8363494873047,322.66461181640625,46.8793830871582,182.974853515625,57.38032531738281,738.2767333984375,972.081298828125,591.3695068359375,1036.016357421875,50.2505989074707,912.1881103515624,1058.675048828125,981.2140502929688,1016.9783325195312,970.0618896484376,823.521728515625,436.45404052734375,922.7728271484376,913.938232421875,63.0150032043457,916.001220703125,957.0504760742188,51.50849533081055,44.44139099121094,946.2698364257812,862.0733032226562,972.401611328125,1029.5035400390623,980.337158203125,943.9703979492188,929.2587280273438,872.0673217773438,893.968994140625,516.7887573242189,1008.022705078125,885.7241821289062,736.066650390625,1002.56396484375,886.466064453125,974.0032348632812,1104.286865234375,937.5360717773438,1137.4873046875,993.4840698242188,913.7886352539062,386.6189270019531,941.299560546875,1050.8671875,1053.6871337890623,950.4898071289062,935.607421875,888.0587158203125,898.059814453125,992.9923095703124,851.4857177734375,969.5220947265624,976.6780395507812,269.33648681640625,944.5070190429688,952.2058715820312,975.0004272460938,991.5327758789062,988.1468505859376,712.0171508789062,1053.235595703125,909.2369384765624,936.2261352539062,461.7507629394531,842.6148071289062,187.24237060546875,543.1236572265625,1024.836669921875,978.7142333984376,1005.702392578125,1004.2000122070312,129.59730529785156,923.0184936523438,936.82958984375,904.2605590820312,927.48046875,939.357666015625,925.06591796875,948.7439575195312,1011.8258666992188,811.023681640625,957.6299438476562,808.646728515625,723.7864379882812,977.0548095703124,1045.0975341796877,1019.8841552734376,791.70751953125,1012.567138671875,916.184814453125,913.9279174804688,895.6957397460938,935.9376831054688,984.4808959960938,925.48388671875,1051.2545166015623,1023.0505981445312,954.14990234375,964.8763427734376,959.0886840820312,947.8532104492188
150.07070922851562,323.9413757324219,45.78020858764648,184.1316375732422,55.75927734375,734.539794921875,969.0173950195312,591.5218505859375,1031.986572265625,49.40114212036133,912.923828125,1062.663818359375,986.5096435546876,1021.2319946289062,966.416748046875,826.8775634765625,436.208251953125,924.30126953125,912.3347778320312,64.57387542724611,915.4208374023438,950.3345947265624,51.82664489746094,46.44792556762695,939.8357543945312,864.1212158203125,971.2005615234376,1036.1265869140623,980.057373046875,941.8706665039062,935.17724609375,873.840576171875,890.83349609375,516.6199340820311,1008.9959716796876,887.289794921875,739.861328125,998.8826293945312,887.0946655273438,972.9456176757812,1099.042236328125,939.4815063476562,1133.871826171875,998.2990112304688,913.8677978515624,385.2593688964844,939.8887939453124,1051.8115234375,1051.964111328125,951.6355590820312,935.2694702148438,888.2442626953125,898.250732421875,988.3765258789062,853.2904663085938,972.43603515625,980.1776123046876,271.00924682617193,951.5828247070312,947.237548828125,975.4443969726562,990.9796752929688,994.9441528320312,710.2254638671875,1049.5828857421877,910.3713989257812,937.1909790039062,457.2825927734375,842.255126953125,185.04595947265625,542.569091796875,1033.4710693359377,987.7908325195312,1012.262939453125,1001.4649658203124,130.30108642578122,927.0087280273438,939.1710815429688,907.6892700195312,926.9293823242188,938.3984985351562,925.3806762695312,945.1215209960938,1013.1154174804688,810.2318115234375,966.0023803710938,807.857177734375,723.0487670898438,979.817138671875,1051.3125,1021.8351440429688,793.9744262695312,1011.2306518554688,914.4832153320312,915.0922241210938,898.236328125,930.4212646484376,983.6890258789062,929.5533447265624,1049.9964599609377,1026.2249755859377,958.815673828125,965.0171508789062,965.1890258789062,952.5396728515624
154.5047149658203,330.785888671875,49.63139343261719,184.6218719482422,58.81233978271485,733.9421997070312,963.1902465820312,592.6842651367188,1029.4783935546877,50.17219543457031,921.891845703125,1058.1982421875,991.9158325195312,1017.4290771484376,961.8638916015624,818.9716186523438,443.7602844238281,918.5562133789062,913.9759521484376,64.11200714111328,912.6203002929688,951.7268676757812,54.79229354858398,45.57825088500977,941.7359008789062,859.3378295898438,973.797607421875,1034.529052734375,982.194091796875,941.272705078125,936.7385864257812,881.5599365234375,891.9387817382812,519.9395141601561,1011.1026000976562,892.4314575195312,742.1668701171875,1000.744873046875,876.7927856445312,980.22119140625,1086.1368408203123,941.24072265625,1142.123291015625,1006.2154541015624,918.8584594726562,389.78594970703125,935.7621459960938,1056.6868896484377,1060.7315673828123,953.07763671875,943.5205688476562,883.2322387695312,894.969482421875,989.5056762695312,854.8072509765625,980.2588500976562,979.6236572265624,267.50442504882807,948.3251342773438,947.9860229492188,986.7859497070312,988.84228515625,999.4137573242188,714.23291015625,1054.792724609375,914.766845703125,932.2156372070312,460.3979797363281,850.2345581054688,187.8974609375,542.3184814453125,1035.196044921875,986.6649780273438,1008.2125854492188,1009.0468139648438,131.885009765625,939.35498046875,936.641357421875,900.1486206054688,927.7359008789062,932.037841796875,927.33984375,943.99755859375,1011.6796875,807.837158203125,968.0010375976562,812.7189331054688,728.1162109375,983.5459594726562,1050.1226806640623,1022.5641479492188,791.1541137695312,1024.4952392578123,921.6993408203124,911.055908203125,899.4012451171875,936.1300659179688,988.4054565429688,934.2770385742188,1051.429931640625,1031.197509765625,961.8165893554688,967.4090576171876,964.76513671875,954.5311279296876
151.29136657714844,321.3057556152344,46.93832397460938,181.1405792236328,54.68753051757813,729.5661010742188,964.1069946289062,586.4181518554688,1025.5179443359377,49.187583923339844,912.8717041015624,1056.2086181640623,982.6990356445312,1012.9765625,962.13916015625,814.5121459960938,433.7583923339844,918.4453125,915.2750854492188,63.04951095581055,913.8341064453124,952.46728515625,54.4974365234375,45.84680557250977,940.8792114257812,860.1580810546875,969.1522216796876,1033.5758056640623,984.0396728515624,938.3316040039062,937.003173828125,879.1737060546875,892.9933471679688,514.0588989257811,1009.1795043945312,878.249267578125,751.4000244140625,1000.2933959960938,883.5075073242188,982.0162353515624,1104.1114501953123,936.3679809570312,1149.071044921875,1002.9542846679688,925.0997924804688,382.36334228515625,936.4822387695312,1067.1119384765623,1058.189208984375,946.0604248046876,938.6016845703124,880.1200561523438,898.3732299804688,990.91650390625,856.9187622070312,974.5023803710938,979.9512939453124,273.01321411132807,955.6122436523438,950.5162353515624,980.75146484375,985.8655395507812,994.3687133789062,716.460693359375,1061.928466796875,918.6427612304688,930.0399780273438,461.73614501953125,856.3140258789062,190.5478363037109,545.9537963867189,1036.480224609375,987.7268676757812,1018.4625854492188,1010.87060546875,132.84979248046878,936.60546875,936.7339477539062,910.8949584960938,928.5872802734376,940.3892822265624,927.3117065429688,940.6495971679688,1008.9708251953124,813.8391723632812,962.0359497070312,810.0470581054688,723.2939453125,981.0042114257812,1052.9346923828123,1015.8460083007812,793.6145629882812,1024.408447265625,924.947265625,910.8258666992188,891.5343627929688,942.18896484375,984.7488403320312,937.121826171875,1057.2607421875,1026.1357421875,963.370361328125,963.1419677734376,972.0631103515624,946.9375
150.88937377929688,323.0431213378906,46.80391311645508,180.8039093017578,57.06919479370117,737.4054565429688,969.83251953125,587.802001953125,1040.5264892578123,48.128990173339844,915.0587158203124,1057.336181640625,983.7142333984376,1013.1443481445312,967.6072998046876,820.1077270507812,438.07080078125,920.2098999023438,911.9265747070312,63.595176696777344,911.8700561523438,954.274169921875,55.62798690795898,44.8978157043457,939.4329833984376,862.6382446289062,964.3296508789062,1031.1929931640623,982.65185546875,937.2085571289062,933.0599975585938,874.4471435546875,893.6949462890625,517.5714111328125,1016.3365478515624,885.2713623046875,748.8361206054688,1004.567138671875,885.7360229492188,978.8023071289062,1106.3316650390623,938.56591796875,1145.898193359375,1006.3937377929688,919.621826171875,384.99713134765625,938.1511840820312,1066.2347412109377,1059.644287109375,950.7515258789062,938.9674072265624,884.313720703125,892.3947143554688,983.6649780273438,850.9146728515625,975.5528564453124,978.7369384765624,271.6754150390625,958.584716796875,945.8615112304688,980.8120727539062,986.953857421875,989.58251953125,711.8793334960938,1055.3321533203123,914.4169311523438,936.0244750976562,461.8892822265625,848.8990478515625,195.1501617431641,549.279296875,1029.5587158203123,981.6492309570312,1012.5698852539062,1005.8796997070312,131.58294677734378,931.464111328125,935.0201416015624,904.5347290039062,921.4122924804688,935.4429321289062,924.798095703125,943.2066040039062,1011.02099609375,810.4923706054688,959.5596313476562,808.6103515625,719.4891357421875,975.260986328125,1042.8465576171877,1016.1592407226562,793.636474609375,1020.6605834960938,916.7752075195312,906.9011840820312,893.6781616210938,928.1585083007812,985.7145385742188,931.0046997070312,1043.5045166015623,1020.87451171875,952.0964965820312,962.1817626953124,967.3154907226562,947.1279907226562
153.0860137939453,325.9288635253906,48.68762969970703,177.24546813964844,57.38928985595703,728.9281616210938,966.686279296875,593.896240234375,1034.2933349609377,50.99370956420898,909.2199096679688,1059.5955810546877,971.4146728515624,1013.1248168945312,964.2572021484376,820.4804077148438,445.24798583984375,917.9642333984376,909.2669677734376,65.64023590087889,909.1116333007812,957.7125854492188,55.64955520629883,44.33503341674805,937.3923950195312,863.373046875,959.3967895507812,1026.24853515625,977.342529296875,936.5336303710938,927.9002685546876,873.38134765625,890.8884887695312,521.0234375,1014.4899291992188,880.3458862304688,747.2990112304688,1004.464111328125,884.14453125,976.816162109375,1090.5322265625,940.5563354492188,1151.952392578125,1005.2857666015624,918.89453125,380.444580078125,938.8843383789062,1062.7431640625,1058.2303466796877,951.263671875,940.8727416992188,890.507080078125,895.2214965820312,987.0963134765624,853.362060546875,978.5967407226562,983.20849609375,272.66033935546875,954.1732177734376,949.47021484375,972.71337890625,988.6092529296876,987.905029296875,714.5213623046875,1056.7586669921877,914.0134887695312,933.6161499023438,465.775634765625,851.6683959960938,187.32144165039062,544.1312255859375,1028.6220703125,985.1480102539062,1014.7628173828124,1004.153564453125,127.20147705078124,923.5000610351562,938.2261352539062,901.0614624023438,929.27587890625,938.8931274414062,921.9842529296876,949.746337890625,1003.0590209960938,811.2806396484375,969.33056640625,804.1625366210938,725.46826171875,980.7843627929688,1049.162353515625,1022.5389404296876,792.8689575195312,1023.5423583984376,914.7318115234376,912.3927612304688,897.1272583007812,924.751953125,993.0798950195312,931.7730102539062,1052.087646484375,1034.9378662109377,952.4208984375,970.5285034179688,963.0982666015624,953.5308227539062
151.9088134765625,324.8081359863281,49.36716079711914,181.5761260986328,58.04529571533203,743.6671142578125,964.2510375976562,587.7730712890625,1032.647705078125,51.40339660644531,910.8421020507812,1059.366455078125,986.8475341796876,1021.8761596679688,966.8129272460938,821.9766845703125,440.9598693847656,918.317626953125,911.0656127929688,63.9560432434082,911.9620971679688,954.088623046875,54.09787368774414,44.52717590332031,943.7937622070312,860.1035766601562,974.7635498046876,1037.3255615234377,976.4103393554688,936.0,933.921875,870.8869018554688,892.4464721679688,515.0990600585939,1018.1377563476562,886.43505859375,746.8798217773438,1004.4046020507812,883.246826171875,979.0985717773438,1100.40869140625,936.8363647460938,1155.12060546875,1008.5350341796876,920.786376953125,380.48486328125,941.8864135742188,1060.609375,1057.52685546875,944.5987548828124,945.194580078125,885.56201171875,900.2432250976562,993.2892456054688,857.9017944335938,981.9002685546876,976.4549560546876,275.47506713867193,950.7528686523438,942.8370971679688,976.5572509765624,991.8765258789062,995.6640625,716.425048828125,1063.1148681640623,918.5040283203124,935.923095703125,464.4516906738281,851.337158203125,189.27896118164062,551.2029418945311,1031.825439453125,990.9343872070312,1012.7866821289062,1007.852783203125,128.98165893554688,928.846923828125,935.4014282226562,901.5142822265624,930.3901977539062,934.173828125,925.7489624023438,941.5388793945312,1016.9307861328124,806.693359375,968.5748291015624,810.6790771484375,723.6416625976562,984.2980346679688,1049.8592529296877,1019.9932250976562,793.9803466796875,1012.4457397460938,915.7785034179688,914.3514404296876,894.1203002929688,927.78564453125,990.99365234375,932.4124145507812,1051.1986083984377,1030.5018310546877,954.9376220703124,967.7264404296876,967.5868530273438,955.86865234375
150.9362335205078,323.5388488769531,46.2066421508789,184.3130645751953,57.18857192993164,737.707763671875,962.6368408203124,589.3570556640625,1033.1407470703123,48.83406066894531,910.7083740234376,1064.886474609375,988.4400634765624,1022.8551635742188,966.752685546875,827.7418823242188,444.3000183105469,926.1642456054688,908.4581909179688,63.29185104370117,913.05908203125,955.1131591796876,55.68637084960938,43.876380920410156,942.3308715820312,861.8743286132812,971.3255615234376,1043.7349853515623,977.1661987304688,940.5126342773438,936.5496215820312,880.85986328125,891.4462280273438,517.7601928710939,1018.6154174804688,882.9608154296875,749.13037109375,1004.87353515625,883.774169921875,983.7962646484376,1109.2457275390623,940.3240356445312,1150.3212890625,1004.5476684570312,922.37109375,384.3837585449219,939.012939453125,1059.0643310546877,1052.8040771484377,948.9279174804688,941.0408935546876,883.1580200195312,898.2128295898438,991.6278686523438,856.9474487304688,984.4246215820312,974.7225341796876,270.54769897460943,959.8851928710938,947.4588623046876,978.9874267578124,989.13232421875,992.80615234375,715.9461669921875,1060.8759765625,916.8856811523438,937.2625122070312,462.8656921386719,849.3632202148438,191.7072296142578,550.8448486328125,1031.1298828125,992.4923706054688,1008.8176879882812,1008.0497436523438,133.29252624511722,923.9763793945312,935.91796875,905.75390625,930.3838500976562,934.7816772460938,929.5775146484376,945.223388671875,1005.789794921875,811.32275390625,972.6983032226562,810.7860107421875,716.2952880859375,977.6349487304688,1052.611083984375,1025.80126953125,798.4148559570312,1007.387451171875,917.5364990234376,906.2151489257812,895.4569091796875,922.0759887695312,989.060546875,931.9881591796876,1048.262939453125,1031.6651611328123,961.2579345703124,962.3239135742188,963.9923706054688,944.83544921875
148.87075805664062,324.67718505859375,47.1090316772461,187.2058563232422,57.0947151184082,746.1552734375,960.158203125,586.4099731445312,1033.9749755859377,49.45546340942383,914.6443481445312,1062.53076171875,978.3471069335938,1018.5404052734376,966.4490356445312,824.4365844726562,442.4646911621094,921.462158203125,911.45263671875,64.26236724853516,911.4456176757812,955.509033203125,54.50041580200195,44.9322395324707,938.7342529296876,861.974609375,969.0776977539062,1038.6722412109377,981.6428833007812,941.3837280273438,934.90576171875,878.1939697265625,891.79541015625,515.22705078125,1012.4832153320312,890.633544921875,744.8469848632812,1001.5120239257812,884.5780029296875,983.3283081054688,1098.68994140625,935.2776489257812,1144.67724609375,1004.8118896484376,917.501220703125,381.7043151855469,939.6463623046876,1062.7099609375,1056.9390869140623,944.7713012695312,935.8878784179688,886.1163940429688,895.7196655273438,990.0885009765624,858.640869140625,979.8326416015624,977.9539184570312,269.88308715820307,953.0068969726562,945.9846801757812,974.8356323242188,996.7250366210938,990.6906127929688,719.4075317382812,1053.5277099609377,919.08251953125,935.3505249023438,465.2269592285156,851.4342041015625,189.263427734375,546.44091796875,1024.86181640625,987.0759887695312,1012.49072265625,1003.8924560546876,131.93203735351562,924.0784301757812,934.3878784179688,913.5823364257812,927.9014282226562,936.57373046875,926.5277099609376,946.6726684570312,1001.8638916015624,808.38134765625,969.5401000976562,805.5675659179688,717.6087036132812,975.329345703125,1051.588623046875,1026.2744140625,796.621826171875,1013.6007690429688,911.6071166992188,907.4241333007812,895.9329833984375,923.7462768554688,989.9395751953124,929.3865966796876,1041.775634765625,1030.655517578125,956.3877563476562,957.4343872070312,967.4903564453124,951.1824340820312
148.71600341796875,326.9317321777344,46.18063354492188,185.8910675048828,59.38616561889648,742.6439819335938,962.81787109375,591.1697998046875,1032.04052734375,51.15417861938477,915.5048217773438,1055.7362060546877,985.0640258789062,1020.0134887695312,960.1859741210938,822.3792724609375,438.1954650878906,920.7529296875,908.8251342773438,67.10322570800781,912.9354248046876,952.0934448242188,56.06447219848633,45.14886856079102,939.9977416992188,858.6627197265625,963.4385375976562,1036.4931640625,977.8056030273438,939.600830078125,929.7799072265624,872.9290771484375,888.9415893554688,514.9729614257811,1007.7341918945312,889.841796875,747.5865478515625,1003.2734375,881.9105834960938,978.9241943359376,1101.085693359375,938.5059814453124,1141.456298828125,1006.8661499023438,914.1068115234376,380.6120300292969,938.0462646484376,1060.2381591796877,1056.7998046875,951.1126098632812,939.5256958007812,880.4476928710938,895.4891967773438,994.993408203125,861.7531127929688,980.89306640625,980.4060668945312,272.99481201171875,956.9573364257812,945.5489501953124,972.8363647460938,992.031982421875,993.544189453125,715.9030151367188,1059.3160400390623,919.1882934570312,936.565185546875,462.240966796875,851.11474609375,188.2904510498047,549.5513305664061,1024.989013671875,990.20458984375,1008.7717895507812,1006.5328979492188,129.58296203613278,925.0040283203124,933.7459716796876,910.3363647460938,929.4559936523438,932.3932495117188,926.2559814453124,944.5286865234376,1003.8499145507812,810.837158203125,969.3010864257812,806.5203247070312,719.8735961914062,977.5818481445312,1055.489501953125,1023.14990234375,800.2122802734375,1006.7507934570312,910.856689453125,908.58447265625,896.625,919.4086303710938,991.2410278320312,928.7205810546876,1051.52099609375,1030.8597412109377,954.82421875,961.5819091796876,964.4086303710938,947.78857421875
150.68141174316406,328.0786437988281,45.68759155273438,184.2984313964844,57.21528625488281,747.4760131835938,966.9720458984376,590.5130615234375,1031.3115234375,52.8964958190918,911.7864990234376,1058.802978515625,988.1415405273438,1020.8377685546876,959.7658081054688,823.1099243164062,438.395263671875,923.8004760742188,915.2488403320312,67.08136749267578,910.503173828125,952.3021240234376,53.96794128417969,42.90695571899414,941.2520751953124,861.412841796875,970.7854614257812,1036.9949951171877,979.6634521484376,940.67822265625,929.4358520507812,869.9391479492188,890.735595703125,513.5008544921875,1014.028564453125,880.3790283203125,745.0540771484375,1005.6508178710938,886.9429321289062,980.074951171875,1115.3994140625,941.8308715820312,1149.1614990234375,1004.67236328125,923.326171875,383.4755554199219,938.462890625,1064.0400390625,1061.371826171875,947.5719604492188,937.9056396484376,885.7403564453125,892.9979248046875,993.4390258789062,857.5089111328125,978.5127563476562,979.4353637695312,272.644287109375,956.0936279296876,948.20703125,972.45751953125,987.0389404296876,998.2230834960938,716.1021728515625,1054.085693359375,916.270263671875,941.8162841796876,464.4584045410156,847.064697265625,186.66293334960938,545.9421997070311,1023.1640625,983.6753540039062,1011.4348754882812,1004.1613159179688,129.87283325195312,928.1394653320312,936.2561645507812,905.9862060546876,923.9588623046876,938.561279296875,923.68505859375,941.7536010742188,1007.5341186523438,816.2714233398438,964.1773071289062,808.1693725585938,718.2334594726562,979.627685546875,1049.13818359375,1023.9139404296876,799.32177734375,1004.8118896484376,911.4259643554688,905.7396240234376,892.57666015625,919.9397583007812,992.8260498046876,928.994140625,1049.3258056640623,1030.7763671875,949.3455810546876,958.9578247070312,964.8103637695312,952.3927001953124
150.54652404785156,328.0235290527344,47.26414108276367,186.62124633789062,59.803871154785156,740.8587036132812,959.0824584960938,593.2623291015625,1030.642822265625,49.52627944946289,917.3471069335938,1062.082275390625,982.0546264648438,1019.3612060546876,965.2424926757812,824.04931640625,441.3348693847656,920.1085815429688,910.7426147460938,64.64480590820311,913.9219970703124,959.6162719726562,53.77005386352539,43.3803825378418,943.0572509765624,864.1495971679688,970.1082153320312,1036.652587890625,977.0506591796876,940.8058471679688,933.5560302734376,877.026123046875,891.7946166992188,520.3910522460939,1013.9509887695312,883.2465209960938,745.6156005859375,1000.9675903320312,890.7886352539062,975.8500366210938,1108.3277587890623,941.2717895507812,1150.5643310546875,1005.7971801757812,927.3650512695312,385.2341613769531,941.2366333007812,1059.5687255859377,1059.0650634765623,953.7228393554688,931.5952758789062,888.2020874023438,891.5411987304688,994.44775390625,858.1867065429688,981.15185546875,978.5217895507812,273.61251831054693,957.75048828125,948.981689453125,975.7579345703124,987.0531616210938,995.2874145507812,714.6055297851562,1056.0924072265623,917.9319458007812,931.77001953125,466.5278015136719,849.5224609375,190.5204315185547,548.2756958007811,1030.4248046875,990.24658203125,1008.414794921875,1003.4391479492188,132.3548583984375,929.100341796875,936.7517700195312,912.969970703125,927.57177734375,939.4426879882812,924.8244018554688,945.7041625976562,1000.4268188476562,811.6159057617188,964.6951293945312,812.6869506835938,721.8128662109375,975.4927978515624,1054.21142578125,1021.4860229492188,797.3372802734375,1012.4572143554688,914.3019409179688,906.2866821289062,894.4122924804688,926.901123046875,981.8063354492188,935.778564453125,1046.92431640625,1022.1585083007812,953.6284790039062,960.2634887695312,969.5740356445312,948.93701171875
155.0618896484375,326.90185546875,47.37716293334961,185.10687255859372,59.46685409545898,741.9658203125,961.72021484375,587.8194580078125,1033.99365234375,52.11999893188477,907.4208984375,1060.7152099609377,973.8069458007812,1020.5603637695312,964.0025634765624,820.94677734375,440.0906677246094,920.3980102539062,908.9788208007812,65.66558837890625,911.8241577148438,958.3934936523438,53.82830429077149,45.22807312011719,935.0982666015624,860.779541015625,967.4631958007812,1040.047119140625,974.7609252929688,936.0230102539062,930.0216674804688,868.6159057617188,889.9683227539062,518.9397583007811,1015.1790771484376,889.39208984375,749.4943237304688,1002.7573852539062,885.4601440429688,983.841796875,1106.7188720703123,942.1481323242188,1148.4827880859375,1012.1112060546876,920.4429321289062,381.6878356933594,940.3416137695312,1067.89599609375,1060.7825927734377,947.3464965820312,938.8200073242188,889.9750366210938,898.2378540039062,990.190185546875,856.7092895507812,982.1039428710938,975.9782104492188,271.49667358398443,957.5762939453124,948.0219116210938,974.64111328125,993.142578125,986.9465942382812,715.134765625,1058.5540771484377,913.8812866210938,938.1607666015624,467.43853759765625,853.3018798828125,188.83546447753903,551.127197265625,1027.98046875,991.1087646484376,1008.7457885742188,1006.0731811523438,131.63092041015622,929.2144165039062,932.5698852539062,909.3233032226562,931.3718872070312,934.2809448242188,926.2612915039062,942.7342529296876,1008.8141479492188,810.6303100585938,968.4427490234376,809.0459594726562,721.282470703125,976.8285522460938,1053.1611328125,1020.0421752929688,794.5219116210938,1013.8517456054688,916.7286987304688,908.05810546875,899.1266479492188,914.51953125,990.8599853515624,931.2211303710938,1051.2203369140623,1023.1036376953124,956.9400024414062,959.2705688476562,966.5902709960938,951.9427490234376
150.8450469970703,324.81927490234375,47.26945877075195,181.64614868164062,54.99142837524414,730.0897216796875,966.5137939453124,582.1640625,1026.1224365234377,50.99756622314453,909.0529174804688,1062.6466064453123,975.0648803710938,1021.24267578125,965.5590209960938,819.6397705078125,441.863037109375,917.4798583984376,911.0282592773438,66.93993377685547,913.5258178710938,954.4373168945312,50.67247009277344,44.22867965698242,945.3519897460938,861.40576171875,966.82470703125,1036.3485107421877,974.1243896484376,936.47509765625,931.5933227539062,873.2642822265625,892.5040283203125,510.608642578125,1017.115966796875,879.7763061523438,745.330078125,1006.2920532226562,884.66357421875,979.6923217773438,1103.5784912109377,942.266845703125,1150.2017822265625,1013.6281127929688,912.2457885742188,382.5683898925781,936.6261596679688,1066.303466796875,1067.4984130859377,953.706298828125,937.1173706054688,880.2783813476562,899.3712158203125,996.3840942382812,857.0525512695312,984.6668090820312,981.7999877929688,274.1995849609375,960.2990112304688,952.2570190429688,976.7501220703124,991.6552124023438,994.9903564453124,720.6307983398438,1055.943359375,916.6140747070312,934.4517822265624,468.6830139160156,853.20849609375,190.8361053466797,548.8273315429689,1028.5296630859377,990.0228271484376,1010.9774169921876,1001.794921875,130.96011352539062,920.7049560546876,939.0010375976562,905.48876953125,933.8671875,939.3148803710938,924.8802490234376,946.9246215820312,1001.8533325195312,805.7528686523438,968.098388671875,805.3007202148438,720.5765380859375,976.2731323242188,1050.7425537109377,1022.5960083007812,795.0686645507812,1027.850341796875,922.639404296875,912.7532958984376,894.3883666992188,915.6279907226562,987.8175659179688,931.2772216796876,1041.9365234375,1033.42822265625,960.6376342773438,957.8157958984376,964.8533325195312,952.0819091796876
149.3779754638672,323.3199157714844,48.09173202514648,185.30052185058597,58.41472244262695,733.5654907226562,968.9631958007812,591.8619995117188,1029.0372314453123,48.99241256713867,918.485107421875,1064.205322265625,984.3502197265624,1019.1398315429688,970.7381591796876,827.885498046875,439.546630859375,920.9505615234376,912.3564453125,63.98992538452149,910.7930908203124,956.6846313476562,54.0020866394043,42.82048797607422,942.7255249023438,858.2332153320312,969.955810546875,1036.0947265625,976.1431884765624,938.9917602539062,927.2783813476562,868.0562133789062,889.8248291015625,519.3416748046875,1015.6128540039062,882.138671875,744.7289428710938,1003.3380126953124,880.0070190429688,978.8607177734376,1113.2919921875,938.9988403320312,1150.2933349609375,1008.2211303710938,912.2478637695312,382.67864990234375,939.9681396484376,1060.908935546875,1057.8880615234377,954.5029907226562,938.7997436523438,884.2674560546875,898.802978515625,995.5713500976562,855.7859497070312,980.434326171875,979.025390625,273.41696166992193,958.375,949.1024780273438,974.606201171875,995.1765747070312,997.2620239257812,717.1723022460938,1057.2874755859377,915.1882934570312,930.1104125976562,462.7297058105469,851.2324829101562,189.6659698486328,546.8932495117189,1029.6531982421877,991.0977783203124,1013.378662109375,1007.8314208984376,134.13920593261722,924.49658203125,935.0588989257812,905.5953979492188,932.7572021484376,932.4331665039062,927.5398559570312,956.1930541992188,1006.5372924804688,814.6988525390625,968.992919921875,811.0811767578125,724.5120239257812,985.43212890625,1060.5579833984377,1023.5084228515624,799.4295043945312,1018.509033203125,924.4002075195312,909.5114135742188,896.7952270507812,926.3848876953124,989.5841674804688,932.4884643554688,1053.2762451171877,1035.5426025390623,956.4552612304688,964.1716918945312,963.5457153320312,946.953125
153.8556671142578,327.4396057128906,46.37181854248047,185.30650329589844,57.61476516723633,751.6837768554688,967.3045654296876,587.03564453125,1038.5980224609377,52.79770278930664,913.966064453125,1060.81689453125,974.6717529296876,1020.34619140625,962.3958740234376,825.8477783203125,444.6218566894531,922.3634643554688,904.7510375976562,65.09091949462889,911.89013671875,954.9519653320312,53.842529296875,43.29245376586914,944.0821533203124,861.3862915039062,974.41162109375,1031.8758544921877,978.6930541992188,934.3466186523438,929.0618896484376,875.5032958984375,887.0927124023438,522.5399780273439,1018.24169921875,885.4053344726562,742.6549072265625,998.6964721679688,886.22802734375,981.0466918945312,1094.1058349609377,936.14404296875,1151.0914306640625,994.3546752929688,926.8576049804688,384.780029296875,937.1089477539062,1053.8253173828123,1055.4027099609377,946.79296875,935.9434814453124,889.6038208007812,896.266357421875,993.94091796875,850.815185546875,976.2943115234376,980.8799438476562,273.62588500976557,955.3809814453124,943.8895874023438,979.5719604492188,986.77099609375,996.634765625,707.8116455078125,1050.6048583984377,909.2394409179688,938.19970703125,458.2817077636719,848.183837890625,189.02377319335938,540.8272094726561,1026.79248046875,989.04736328125,1010.7233276367188,1000.5542602539062,130.71345520019528,933.544921875,932.33154296875,904.8870239257812,922.1739501953124,934.075927734375,925.6834106445312,939.93896484375,1004.1814575195312,809.3163452148438,970.3693237304688,808.8325805664062,720.6212768554688,975.1508178710938,1047.5721435546877,1024.9224853515623,790.5617065429688,1006.0529174804688,922.0521240234376,908.9901733398438,894.022216796875,920.5109252929688,996.0826416015624,935.145263671875,1051.7889404296877,1031.4093017578123,952.1724853515624,970.9556884765624,973.62353515625,951.307373046875
148.36801147460938,327.93218994140625,48.23920822143555,186.71029663085938,55.06576538085938,748.4581298828125,961.5034790039062,588.130615234375,1034.7249755859377,48.70280456542969,912.7117309570312,1058.9041748046877,978.4104614257812,1020.6380615234376,957.056640625,821.64404296875,441.3531188964844,923.121826171875,910.1148071289062,66.40120697021484,908.74853515625,953.387451171875,54.58251953125,43.4484977722168,931.5557250976562,864.3106689453125,972.9014282226562,1034.0892333984377,975.1879272460938,941.0223999023438,928.3463134765624,869.9833374023438,890.0794677734375,515.173095703125,1023.2824096679688,880.7537231445312,737.5903930664062,1000.396484375,889.1583862304688,979.03857421875,1099.360595703125,941.1038208007812,1146.1461181640625,998.90576171875,924.8115844726562,383.1816101074219,937.4376831054688,1055.9664306640623,1050.4107666015623,949.4567260742188,939.3416748046876,890.6359252929688,896.88330078125,985.026123046875,853.339111328125,972.5968627929688,981.0870971679688,273.03741455078125,952.0525512695312,949.0261840820312,979.2462768554688,989.4532470703124,993.0105590820312,710.2271728515625,1059.0706787109377,912.5369873046876,936.6220092773438,457.7189636230469,847.94287109375,188.9214324951172,540.7664184570311,1028.890380859375,984.254638671875,1014.0965576171876,1005.2236938476562,129.15104675292972,935.9533081054688,933.4093627929688,903.1251831054688,924.1047973632812,940.025634765625,926.6281127929688,942.7930908203124,1003.6602783203124,812.6532592773438,969.1027221679688,802.29833984375,724.2800903320312,974.5792846679688,1042.251953125,1023.2588500976562,793.1407470703125,1007.5997314453124,910.010986328125,906.4486694335938,893.2967529296875,928.3285522460938,990.0674438476562,930.82666015625,1048.497802734375,1029.8507080078123,950.2868041992188,968.78369140625,962.7880249023438,947.7472534179688
152.07546997070312,331.97930908203125,46.85023498535156,180.39306640625,58.60954666137695,741.7664184570312,967.87890625,587.3745727539062,1036.812255859375,50.12057876586914,919.5486450195312,1065.609619140625,986.0545043945312,1012.3934936523438,963.7101440429688,820.1082153320312,440.552490234375,919.1173706054688,908.3087158203124,63.94702911376953,907.8993530273438,957.2384643554688,54.58986282348633,46.862342834472656,939.1902465820312,862.0969848632812,964.4396362304688,1030.7684326171877,976.0191650390624,936.8777465820312,926.3411865234376,880.4326782226562,885.7390747070312,517.37890625,1014.89501953125,887.2930908203125,743.6022338867188,998.7594604492188,880.4176635742188,976.810546875,1102.53857421875,935.2501831054688,1140.377685546875,1000.7871704101562,920.446533203125,387.627197265625,939.9146728515624,1056.5406494140623,1054.7757568359377,950.9486083984376,939.3203125,887.57373046875,894.5157470703125,984.06689453125,854.680419921875,975.8212280273438,979.54296875,271.93936157226557,951.91796875,940.7907104492188,976.1281127929688,992.1739501953124,989.5314331054688,712.91162109375,1058.51513671875,914.7247924804688,938.065673828125,461.0414123535156,850.58447265625,191.113037109375,543.3036499023439,1029.82177734375,978.538330078125,1011.0601196289062,1004.4705200195312,131.57612609863278,934.90234375,937.9161987304688,910.0127563476562,926.5608520507812,935.369140625,927.4418334960938,942.8307495117188,1018.190673828125,811.5802001953125,967.6414184570312,802.2263793945312,726.3609619140625,977.112060546875,1051.8563232421877,1018.5796508789062,791.202392578125,1017.7293090820312,910.012451171875,909.053955078125,893.7874145507812,930.3859252929688,987.8145751953124,930.2515258789062,1048.5609130859377,1027.657470703125,948.5822143554688,961.833251953125,965.1712646484376,952.1746215820312
150.58181762695312,325.9615173339844,47.44648742675781,187.11520385742188,57.29521560668945,735.2962646484375,967.77490234375,589.6868896484375,1025.6304931640623,49.0236701965332,907.5447387695312,1054.8831787109377,977.2576293945312,1011.0512084960938,959.8380126953124,823.45751953125,442.859619140625,920.8790283203124,903.8388061523438,63.72216796875,912.1924438476562,955.8700561523438,52.9411735534668,42.98408889770508,938.3408813476562,859.189697265625,964.9805908203124,1040.4764404296877,972.8759155273438,933.7522583007812,935.8075561523438,873.0536499023438,888.50341796875,523.77685546875,1012.2595825195312,878.4878540039062,748.1975708007812,1003.250732421875,886.44091796875,972.2822875976562,1103.6058349609377,937.57275390625,1143.8831787109375,1004.15625,921.8012084960938,381.0441589355469,939.48583984375,1052.7177734375,1062.2601318359377,951.3294677734376,933.7992553710938,887.1586303710938,897.1041259765625,991.62939453125,854.0401000976562,974.49560546875,972.4480590820312,269.13189697265625,952.3168334960938,950.7154541015624,978.3274536132812,989.36962890625,992.2726440429688,711.9887084960938,1052.6004638671877,914.9978637695312,935.2947998046876,464.6676025390625,850.1328735351562,189.4848480224609,546.6883544921875,1027.0362548828123,978.3853149414062,1008.1625366210938,1002.29443359375,135.60093688964844,927.52734375,934.046142578125,906.099609375,928.3006591796876,937.26953125,932.2433471679688,946.5587768554688,1007.5043334960938,811.0812377929688,971.1506958007812,804.9125366210938,716.6264038085938,982.4095458984376,1050.633056640625,1023.4046020507812,793.665283203125,1011.7302856445312,920.8754272460938,912.1243896484376,899.9451904296875,941.024169921875,997.4996948242188,931.74853515625,1058.1617431640623,1033.1884765625,957.7131958007812,969.4519653320312,964.3413696289062,953.1987915039062
152.05125427246094,316.7746887207031,46.79751968383789,184.8988800048828,56.4150505065918,738.6458129882812,963.4373168945312,586.9910278320312,1028.521484375,51.10797119140625,914.4537353515624,1062.336181640625,981.13232421875,1020.4061279296876,964.7083740234376,822.16552734375,438.595458984375,919.486328125,915.0759887695312,66.89356231689453,916.0746459960938,954.9032592773438,51.041770935058594,42.8266716003418,944.6961059570312,861.7129516601562,970.219970703125,1033.913818359375,980.9588623046876,939.57958984375,931.0569458007812,868.9241333007812,895.0473022460938,515.7127075195311,1016.237548828125,889.1768188476562,743.8790283203125,1009.9951782226562,888.00048828125,980.022705078125,1096.6248779296877,945.4609375,1146.1678466796875,1001.1998291015624,917.1364135742188,384.8216247558594,938.1038208007812,1062.7215576171877,1058.652587890625,944.6428833007812,939.8458862304688,880.8355102539062,893.112548828125,990.5888061523438,856.33984375,976.3536987304688,978.4116821289062,270.32852172851557,952.4292602539062,941.55224609375,978.678955078125,988.00390625,994.7319946289062,715.1480712890625,1054.0731201171877,919.8275146484376,936.4982299804688,460.9942321777344,851.3202514648438,187.4660797119141,543.8587036132811,1034.8985595703123,985.6265258789062,1006.5164794921876,1008.522216796875,129.59361267089844,926.1433715820312,936.2992553710938,911.0776977539062,929.25634765625,932.2662963867188,923.8434448242188,940.9888916015624,1005.6659545898438,811.0397338867188,959.5220947265624,804.321044921875,717.7583618164062,981.325439453125,1051.151123046875,1021.1016845703124,796.8871459960938,1012.0829467773438,910.6981811523438,909.36865234375,890.1310424804688,927.2791748046876,987.1344604492188,928.66064453125,1047.9224853515623,1025.255615234375,958.3975219726562,962.8895874023438,968.2023315429688,947.996826171875
152.9563446044922,327.8699645996094,46.00524520874024,184.18063354492188,56.772911071777344,747.6625366210938,968.0701904296876,593.4092407226562,1038.097412109375,52.14448547363281,917.9447021484376,1055.93798828125,994.9353637695312,1014.63037109375,962.6266479492188,816.8419799804688,438.4282531738281,922.8660278320312,912.955810546875,62.88414764404297,915.1574096679688,955.1356811523438,54.77588653564453,45.94878005981445,940.266845703125,863.7625122070312,969.6998291015624,1033.8743896484377,983.8425903320312,946.26171875,931.8270874023438,865.4083251953125,893.2794799804688,512.80615234375,1014.1293334960938,888.40625,743.8211059570312,1000.673828125,885.2396240234375,979.3154907226562,1095.5810546875,943.6221313476562,1143.6470947265625,1004.1409301757812,928.3141479492188,382.5039367675781,942.2999877929688,1062.9173583984377,1060.655517578125,952.7440185546876,938.8944091796876,892.2509155273438,894.7012939453125,999.5226440429688,858.1649780273438,981.459716796875,974.6954956054688,271.4223022460937,952.48974609375,948.55078125,980.3910522460938,995.0423583984376,993.2399291992188,713.1270751953125,1057.9937744140623,916.8226928710938,939.266845703125,462.847412109375,851.7313232421875,185.23025512695312,547.78564453125,1038.7254638671877,993.9451293945312,1010.3095703125,1011.4711303710938,129.55545043945312,936.4031372070312,941.348388671875,909.4347534179688,925.3135375976562,934.8352661132812,927.6167602539062,946.690673828125,1012.3455810546876,818.5223388671875,973.951171875,808.4591064453125,716.8078002929688,979.2463989257812,1054.269287109375,1025.0537109375,801.1766967773438,1023.087646484375,914.8441772460938,907.2399291992188,893.5860595703125,929.75439453125,994.8345947265624,928.5166625976562,1051.538330078125,1030.468994140625,960.2943115234376,961.323486328125,965.641845703125,948.8038940429688
152.1590118408203,334.1941223144531,46.80315017700195,181.5179748535156,56.83786010742188,738.3580932617188,966.0865478515624,596.1045532226562,1021.2229614257812,51.90804672241211,917.009033203125,1059.1917724609377,998.6775512695312,1015.9015502929688,960.3206176757812,817.7386474609375,441.7989196777344,919.4293823242188,912.3984375,64.91536712646484,915.6759643554688,949.6248168945312,56.24441146850586,45.80849838256836,940.8054809570312,865.3311157226562,969.2029418945312,1035.786865234375,982.0048217773438,943.2406616210938,929.0587768554688,869.6845092773438,892.8660278320312,519.60595703125,1017.2892456054688,886.6990966796875,744.8109741210938,1002.1533813476562,881.5471801757812,979.9065551757812,1099.750732421875,937.51513671875,1150.9642333984375,1001.73974609375,919.016357421875,387.3621826171875,940.0123291015624,1059.2327880859377,1064.5023193359377,950.0538940429688,935.9971313476562,889.0578002929688,897.6414184570312,995.2598876953124,854.6602783203125,983.7779541015624,980.6390991210938,272.0936279296875,960.2874145507812,951.3126220703124,975.6463012695312,988.4854736328124,987.4381103515624,714.6740112304688,1058.4476318359377,912.6599731445312,936.763671875,467.0281677246094,846.7091064453125,189.6869964599609,544.5806884765625,1033.68505859375,994.74365234375,1012.6004638671876,1006.595703125,130.06475830078122,935.6373291015624,937.2928466796876,902.266845703125,925.6435546875,943.1106567382812,926.6971435546876,943.53857421875,1012.5148315429688,815.4247436523438,965.9705200195312,805.9751586914062,720.9381713867188,979.0924072265624,1054.4923095703123,1026.3328857421877,792.7859497070312,1012.9976196289062,912.483642578125,911.567138671875,896.6187133789062,927.6179809570312,993.4546508789062,934.2765502929688,1036.5269775390623,1025.5667724609377,964.1434936523438,964.5955200195312,969.3781127929688,956.5321655273438
151.7310791015625,332.4148864746094,46.04694747924805,181.3604431152344,59.3394889831543,739.7931518554688,965.0556030273438,587.763671875,1031.135498046875,49.6970329284668,915.3682861328124,1063.597900390625,988.5700073242188,1018.2224731445312,965.8359375,818.7966918945312,437.6636657714844,925.1318969726562,911.32958984375,65.49916076660156,914.0798950195312,955.5833740234376,55.68911743164063,45.65705108642578,941.5982666015624,857.6873779296875,968.55126953125,1034.91259765625,979.7593383789062,937.0673217773438,922.7362060546876,878.2821655273438,892.6357421875,517.6256103515625,1017.7079467773438,886.205078125,744.1432495117188,1005.925048828125,881.1004028320312,975.3973999023438,1096.6572265625,941.46533203125,1144.9356689453125,1011.3067626953124,919.1149291992188,383.39739990234375,935.7579345703124,1054.0322265625,1045.3916015625,952.0350341796876,942.4699096679688,881.0556030273438,896.4450073242188,990.331298828125,855.7628173828125,979.6284790039062,973.9105834960938,271.24679565429693,950.640625,947.7127075195312,970.6505737304688,986.2692260742188,990.52978515625,712.5348510742188,1056.8341064453123,914.5269165039062,933.9102783203124,463.8308410644531,847.1669311523438,186.2078094482422,545.2999877929689,1032.9222412109377,983.5040893554688,1011.4708251953124,999.4313354492188,130.64144897460938,934.15234375,933.0726928710938,904.5462646484376,927.3890991210938,927.2578125,922.7911376953124,943.2195434570312,1006.2594604492188,808.42626953125,967.0187377929688,803.0553588867188,720.13427734375,976.6355590820312,1046.8134765625,1020.9066772460938,794.45458984375,1018.6423950195312,911.6565551757812,909.36181640625,897.283203125,927.8292846679688,985.72021484375,930.7673950195312,1050.8851318359377,1026.16015625,947.1724853515624,966.873046875,966.8626708984376,951.2899780273438
148.73411560058594,321.5651550292969,47.3962287902832,181.73165893554688,56.84625625610352,730.0,965.4913940429688,593.726806640625,1038.2711181640623,50.36172485351562,907.7752075195312,1064.3482666015623,970.9420166015624,1021.6591186523438,970.3488159179688,827.7432861328125,434.6242065429688,927.3915405273438,910.1449584960938,62.44289779663086,911.8068237304688,956.2151489257812,52.73265838623047,44.29769134521485,943.0848999023438,862.5464477539062,972.10693359375,1035.0926513671877,978.7839965820312,938.0366821289062,930.6840209960938,872.8362426757812,890.2374877929688,522.7086181640625,1017.2348022460938,877.2008666992188,741.2627563476562,1002.5693969726562,883.4230346679688,972.6857299804688,1102.1568603515623,936.7210083007812,1144.792724609375,1000.8630981445312,919.694091796875,384.68878173828125,941.8342895507812,1058.79345703125,1057.0810546875,949.8488159179688,941.8428344726562,885.1610717773438,898.7781372070312,987.2680053710938,855.3058471679688,977.0883178710938,978.5836791992188,272.009033203125,951.4627075195312,943.16943359375,980.2149658203124,986.6619262695312,994.6463012695312,711.0462646484375,1055.524658203125,912.35498046875,934.3836059570312,462.77838134765625,849.200439453125,191.6648406982422,544.9888916015625,1028.4122314453123,984.693359375,1009.157958984375,1002.9995727539062,131.467529296875,929.548095703125,938.0191650390624,905.1904907226562,927.97607421875,936.0220336914062,924.2523803710938,952.0258178710938,1006.7263793945312,809.9330444335938,965.8589477539062,809.10693359375,722.2025146484375,975.58740234375,1054.3018798828123,1022.47509765625,788.064208984375,1021.7880249023438,917.1261596679688,906.6895751953124,895.8677978515625,918.044921875,987.574951171875,936.3662719726562,1045.2957763671877,1031.6700439453123,951.239501953125,961.639404296875,969.772216796875,952.4306030273438
150.55911254882812,326.26416015625,49.37722396850586,180.4490509033203,61.01174926757813,729.6524658203125,964.6981811523438,588.96240234375,1041.6500244140623,51.22317886352539,909.4619750976562,1061.7386474609377,970.0219116210938,1015.8779907226562,970.2517700195312,825.2734375,439.2381896972656,921.7296752929688,909.7339477539062,65.35504150390625,910.3428344726562,956.3709716796876,55.03628540039063,44.42693328857422,943.9610595703124,862.0272216796875,962.8713989257812,1034.788330078125,981.4515991210938,937.5525512695312,929.1415405273438,878.100830078125,892.0076293945312,520.7693481445311,1012.553466796875,882.2019653320312,741.2908935546875,1003.1585083007812,884.6092529296875,976.5667114257812,1107.7974853515623,935.2930908203124,1145.05029296875,1007.533203125,915.8309936523438,383.4862365722656,934.0328979492188,1060.9927978515623,1056.683837890625,950.8480834960938,944.1193237304688,880.6680908203125,897.8250122070312,993.40576171875,859.7825927734375,976.4921264648438,978.0821533203124,271.86627197265625,950.9695434570312,951.3333740234376,981.0330200195312,994.4445190429688,994.118408203125,711.5753173828125,1054.3306884765623,919.7854614257812,938.9837646484376,464.9420166015625,848.7937622070312,187.5085906982422,548.415283203125,1027.5997314453123,989.7559814453124,1018.827880859375,1001.5763549804688,130.66371154785156,932.6138916015624,938.7235717773438,908.577392578125,932.8450927734376,940.2474975585938,927.8282470703124,952.345703125,1008.3081665039062,810.7097778320312,966.0328979492188,809.0181274414062,720.718994140625,980.2179565429688,1045.0133056640623,1021.2406616210938,792.7451171875,1016.7310791015624,917.545654296875,914.077392578125,897.0096435546875,922.028076171875,989.4633178710938,934.1046752929688,1050.483154296875,1034.135498046875,943.9537353515624,966.06884765625,966.8828125,947.9357299804688
147.89544677734375,327.3140869140625,46.05953979492188,181.36903381347656,59.61174011230469,729.3117065429688,968.6256103515624,588.2393798828125,1049.4049072265623,50.95801162719727,908.6307373046876,1068.3759765625,975.620361328125,1020.4441528320312,970.8037719726562,829.0526123046875,437.3008728027344,922.3910522460938,911.8617553710938,63.9268798828125,910.5393676757812,958.8230590820312,54.3787956237793,45.06321716308594,944.4918823242188,861.504150390625,963.4031372070312,1035.706298828125,982.033203125,942.544189453125,935.708984375,872.8667602539062,892.089111328125,518.4158325195311,1012.9879760742188,877.8954467773438,745.5438232421875,1010.1790771484376,887.5459594726562,984.67333984375,1101.46142578125,945.4175415039062,1146.06689453125,1004.73291015625,917.1691284179688,382.3873596191406,937.0062866210938,1063.0091552734377,1062.3480224609377,953.61669921875,936.436279296875,889.30078125,901.2334594726562,996.1201782226562,855.3661499023438,980.38525390625,979.69091796875,271.99090576171875,955.5720825195312,952.248046875,982.593505859375,989.8512573242188,994.4032592773438,716.3555297851562,1056.690185546875,922.3689575195312,933.1964721679688,460.5900573730469,851.8917236328125,189.03933715820312,548.09033203125,1022.3591918945312,986.0260009765624,1013.6118774414062,1001.0435791015624,132.76260375976562,929.5010375976562,934.8416137695312,905.9359741210938,928.1232299804688,937.6145629882812,920.749267578125,943.095703125,1003.5530395507812,805.7499389648438,968.8937377929688,807.9296264648438,720.8352661132812,977.2959594726562,1052.7987060546877,1017.5025634765624,789.2214965820312,1012.1888427734376,916.6508178710938,910.7058715820312,893.6389770507812,919.9609375,990.3765258789062,933.29345703125,1044.8963623046877,1028.8668212890623,952.5581665039062,963.2061157226562,962.4026489257812,947.3759155273438
149.214599609375,323.5729064941406,46.76099014282226,186.1623077392578,57.08329772949219,742.1251831054688,960.8090209960938,584.84765625,1035.7401123046877,49.96428680419922,912.9644165039062,1063.622314453125,969.9848022460938,1022.9754028320312,970.9840698242188,829.0679931640625,445.4815368652344,923.2125854492188,911.8468627929688,65.68160247802734,911.9586791992188,958.7808227539062,53.08755493164063,44.81912231445313,943.9130249023438,863.6502685546875,971.2481689453124,1032.9010009765623,974.5667114257812,942.259765625,935.71630859375,883.711669921875,890.21875,514.8768920898439,1011.2059936523438,886.57421875,746.2273559570312,1006.137939453125,883.808349609375,980.2398071289062,1105.091796875,944.4624633789062,1150.2208251953125,1002.89697265625,922.6897583007812,382.88067626953125,939.5198364257812,1057.422119140625,1056.062744140625,950.30322265625,936.4453125,881.8626708984375,895.4368896484375,995.0824584960938,852.7271118164062,978.6275634765624,979.1436157226562,268.718505859375,956.5731811523438,944.19970703125,976.0611572265624,988.9171752929688,989.6209716796876,719.0162963867188,1053.8551025390623,914.8049926757812,932.6453247070312,463.1761474609375,852.3450927734375,191.12625122070312,550.9723510742189,1018.4154052734376,981.3148803710938,1011.1975708007812,1002.0731811523438,131.32148742675778,926.5435791015624,935.750732421875,909.3087158203124,926.403564453125,938.7670288085938,919.7160034179688,940.1774291992188,1001.6439208984376,813.2444458007812,962.5564575195312,810.9959106445312,719.8945922851562,977.209716796875,1049.2412109375,1020.89306640625,793.29248046875,1008.4658813476562,913.1652221679688,906.8584594726562,897.1753540039062,914.5486450195312,987.8087158203124,931.0040893554688,1043.2333984375,1026.8114013671877,957.07080078125,956.70263671875,962.5654907226562,945.5159301757812
147.870361328125,317.92974853515625,49.70384979248047,184.0466766357422,56.986366271972656,733.3035888671875,964.708251953125,588.0999755859375,1033.4248046875,49.01719665527344,908.9459228515624,1058.8876953125,979.1146240234376,1021.6058959960938,963.2241821289062,827.5078735351562,438.5669860839844,921.1755981445312,914.7325439453124,62.54476928710938,916.6332397460938,955.7477416992188,58.154502868652344,46.21763610839844,937.4946899414062,862.2097778320312,972.870361328125,1032.107177734375,982.42333984375,935.9273071289062,934.3732299804688,875.1424560546875,890.9711303710938,512.52001953125,1010.7901000976562,889.987548828125,746.25439453125,1000.4759521484376,888.5396728515625,977.53076171875,1104.8040771484377,939.1670532226562,1143.28173828125,1000.1468505859376,922.1058959960938,384.912841796875,940.8207397460938,1058.1572265625,1050.2003173828123,954.0487060546876,937.0396728515624,885.792236328125,898.0925903320312,986.1951904296876,858.596923828125,978.5252685546876,982.2163696289062,274.2630615234375,955.0537719726562,946.2734375,967.0764770507812,996.9395751953124,992.7537841796876,715.11767578125,1059.202880859375,915.2774658203124,932.8843383789062,462.7613525390625,848.565185546875,187.6853485107422,547.3640747070311,1022.2802124023438,986.673828125,1007.9617919921876,1009.0764770507812,128.90826416015622,922.8010864257812,935.015625,904.5613403320312,929.76513671875,932.717041015625,925.896484375,947.3050537109376,1004.375732421875,812.5541381835938,968.7600708007812,810.66943359375,723.0630493164062,977.48388671875,1048.4371337890623,1021.1229248046876,795.51123046875,1012.607421875,918.4915771484376,911.1778564453124,893.12646484375,927.2765502929688,984.7163696289062,926.201904296875,1054.2637939453123,1024.3187255859377,958.2802124023438,963.26220703125,966.1328125,948.2706909179688
148.19773864746094,320.80145263671875,47.995872497558594,183.1364288330078,58.28076934814453,744.9658203125,969.6057739257812,587.54150390625,1035.0718994140623,50.88143920898438,907.93701171875,1055.8311767578123,978.9301147460938,1017.7920532226562,968.1826782226562,820.1921997070312,439.9580078125,923.9663696289062,910.1209106445312,66.55970001220703,917.1424560546876,952.689453125,53.94794082641602,45.00697326660156,942.5608520507812,862.466064453125,966.0886840820312,1034.5296630859377,977.0166625976562,938.1134033203124,936.1539916992188,877.7677612304688,891.7318115234375,516.4832153320311,1013.856689453125,880.6215209960938,747.5701293945312,1001.4445190429688,889.5670166015625,983.1253051757812,1113.0687255859377,940.557373046875,1141.7266845703125,1006.6156616210938,917.1904907226562,386.13385009765625,934.229248046875,1057.9755859375,1051.0386962890623,948.8855590820312,936.7085571289062,885.5718383789062,897.5770874023438,986.2029418945312,856.1201782226562,973.36328125,976.4747314453124,270.07327270507807,955.5183715820312,948.001220703125,972.0734252929688,987.1492309570312,988.63818359375,717.0438842773438,1054.2451171875,913.096435546875,932.0701904296876,465.02447509765625,850.6666259765625,187.66091918945312,546.6568603515625,1023.483154296875,989.481689453125,1008.265869140625,1000.2498168945312,131.34327697753906,918.7351684570312,936.2842407226562,901.0973510742188,926.8204345703124,935.5567626953124,923.1209106445312,942.4834594726562,1006.1117553710938,809.9765014648438,960.7327270507812,810.2089233398438,725.2384643554688,980.885498046875,1050.2606201171877,1019.3728637695312,794.1406860351562,1015.3355102539062,919.5347290039062,910.354736328125,896.44580078125,926.4295654296876,985.8126831054688,926.1846313476562,1050.44140625,1032.7664794921877,957.46484375,959.3555908203124,963.8677978515624,949.78271484375
150.79757690429688,318.9805908203125,49.25210952758789,184.4146423339844,55.810707092285156,740.5460815429688,966.7261352539062,588.4151000976562,1034.3458251953123,49.28959655761719,914.5066528320312,1059.8245849609377,982.9229736328124,1020.110107421875,968.8309936523438,826.123291015625,442.0830993652344,920.5313720703124,913.4021606445312,64.31517028808594,912.52392578125,951.50634765625,52.22686004638672,44.2289924621582,940.4885864257812,858.27783203125,974.6627197265624,1038.6993408203123,980.0225219726562,938.776611328125,937.97998046875,870.6104125976562,889.9343872070312,516.3707275390625,1015.0272216796876,885.8419189453125,748.6437377929688,1000.4710693359376,882.407470703125,979.0659790039062,1099.1884765625,938.6822509765624,1142.5294189453125,1005.5693969726562,911.6795043945312,382.22882080078125,937.714111328125,1060.4456787109377,1061.4150390625,947.2341918945312,938.035888671875,886.6886596679688,895.4867553710938,990.94775390625,853.9815063476562,979.151611328125,978.7890625,271.32598876953125,952.0716552734376,947.33154296875,976.421875,988.68359375,993.7433471679688,722.1048583984375,1058.7515869140623,912.93017578125,936.364501953125,466.3830871582031,853.5147705078125,190.2569122314453,553.585693359375,1030.6226806640623,988.2337646484376,1007.542236328125,1002.1768188476562,130.61456298828122,924.912353515625,935.2662353515624,906.4854125976562,931.3517456054688,937.6569213867188,923.5205688476562,942.6015625,1004.7232666015624,808.97021484375,965.841064453125,817.1592407226562,721.3290405273438,972.8568115234376,1054.2781982421877,1025.2711181640623,798.475341796875,1016.5206909179688,926.7415771484376,908.0306396484376,896.0062866210938,917.7355346679688,992.1078491210938,931.0381469726562,1052.8746337890623,1028.6910400390623,962.3434448242188,962.2130126953124,970.1038208007812,951.764404296875
151.1569366455078,326.192138671875,47.14633560180664,182.49485778808597,56.52009201049805,741.6559448242188,970.7012939453124,588.0642700195312,1029.449951171875,50.74098587036133,916.7302856445312,1059.08203125,984.1593627929688,1020.7908325195312,966.0001831054688,825.4898071289062,438.6769714355469,919.9564208984376,915.67333984375,62.89573287963867,911.573486328125,954.02734375,55.22636795043945,43.3033561706543,941.3162231445312,860.9981079101562,971.2756958007812,1036.46533203125,981.903564453125,941.3919067382812,932.64404296875,877.3052978515625,893.54541015625,516.0466918945311,1007.9747314453124,888.0393676757812,748.91015625,993.8187866210938,882.14404296875,974.5759887695312,1099.5771484375,939.5115966796876,1148.112060546875,1001.3609008789062,917.7877197265624,387.4000549316406,940.6015625,1059.1585693359377,1050.891357421875,951.0615844726562,937.1968383789062,884.33056640625,896.8358154296875,984.596923828125,856.175537109375,974.2723999023438,976.8307495117188,270.74960327148443,946.8560791015624,947.43603515625,977.7726440429688,989.1867065429688,994.17529296875,718.3792724609375,1051.2650146484377,913.4068603515624,936.4684448242188,468.4198303222656,852.0527954101562,186.1655731201172,552.5003662109375,1029.08447265625,982.7341918945312,1008.8753051757812,1000.9141845703124,130.80326843261722,923.4566040039062,932.8837280273438,909.6306762695312,927.216064453125,932.3983154296876,924.0744018554688,944.15625,998.9457397460938,803.4432983398438,963.03076171875,809.8080444335938,713.69873046875,970.0172729492188,1048.4150390625,1020.401611328125,793.7128295898438,1008.958251953125,920.3351440429688,909.24365234375,896.3439331054688,919.5503540039062,983.1329956054688,928.965576171875,1043.037353515625,1027.8988037109377,956.4697875976562,960.329345703125,965.7850341796876,948.4149780273438
151.8872833251953,322.9326171875,47.2895393371582,182.8179016113281,55.85488510131836,745.166259765625,966.2068481445312,590.6823120117188,1026.95849609375,50.36512756347656,911.2575073242188,1056.2662353515623,987.06591796875,1020.8329467773438,962.4910278320312,818.1130981445312,440.53717041015625,921.7259521484376,912.6448364257812,65.53371429443361,914.0753784179688,953.39306640625,54.5830192565918,45.88024520874024,939.1400146484376,859.9390869140625,963.2179565429688,1034.676025390625,979.0011596679688,939.318359375,933.5704345703124,877.8755493164062,892.4208984375,516.3438720703125,1010.087890625,882.6696166992188,749.9746704101562,1001.2243041992188,887.3766479492188,970.845703125,1094.7982177734377,931.9887084960938,1144.5582275390625,1001.4116821289062,914.9049072265624,386.04132080078125,937.7107543945312,1058.6827392578123,1057.6202392578123,949.27880859375,942.677734375,880.8404541015625,898.9346313476562,988.1697998046876,853.6937866210938,974.13134765625,973.2313842773438,272.45425415039057,949.9384155273438,946.6798095703124,979.8191528320312,985.9791259765624,996.4283447265624,711.6556396484375,1060.593994140625,912.82373046875,938.4230346679688,463.15753173828125,848.6311645507812,188.4128570556641,548.4230346679689,1030.1829833984377,988.4320678710938,1012.930419921875,1006.0151977539062,131.38127136230472,930.076904296875,933.9208374023438,905.7950439453124,923.0159301757812,942.2989501953124,923.5309448242188,944.932373046875,1006.4197998046876,809.5233764648438,961.0025634765624,807.435302734375,721.9608154296875,974.0911865234376,1048.982421875,1014.733154296875,799.7862548828125,1013.439453125,912.272216796875,907.1473999023438,894.3290405273438,918.40185546875,990.9418334960938,932.8870239257812,1045.580078125,1027.990478515625,953.6788940429688,960.2612915039062,968.9700927734376,952.1468505859376
150.9638214111328,330.53521728515625,47.49168014526367,185.2246551513672,55.87429809570313,733.2337646484375,968.41162109375,593.162109375,1031.5047607421877,47.7401008605957,914.3663940429688,1062.3974609375,976.9437866210938,1017.490966796875,962.0595092773438,816.6521606445312,435.5008850097656,919.8333740234376,905.81494140625,64.18803405761719,911.1702270507812,949.7893676757812,55.53657150268555,45.22814178466797,936.356689453125,858.673828125,964.9580688476562,1035.47998046875,977.332763671875,938.322998046875,928.5174560546876,872.0974731445312,890.7864990234375,516.9451293945311,1013.745361328125,883.28125,744.5004272460938,1000.0821533203124,888.2833251953125,977.1824340820312,1096.802001953125,935.645751953125,1143.9248046875,1004.960205078125,910.8345947265624,384.0622863769531,937.9083862304688,1062.1070556640623,1055.5511474609377,951.9520874023438,940.0011596679688,886.73193359375,893.1798095703125,988.7259521484376,849.0458984375,975.1677856445312,976.2374877929688,272.998291015625,951.891357421875,949.3282470703124,969.87158203125,988.5638427734376,989.5114135742188,711.3299560546875,1055.3304443359377,908.7335815429688,929.9684448242188,461.1405334472656,846.8738403320312,192.8736572265625,545.64013671875,1027.9866943359377,987.0,1012.1248779296876,997.4299926757812,130.20379638671878,925.7600708007812,936.9005737304688,903.99658203125,921.7257690429688,944.6688232421876,926.2542114257812,946.1981811523438,1006.9564208984376,808.9749145507812,965.6080932617188,801.0021362304688,719.6640625,973.5291137695312,1047.89306640625,1023.5914916992188,790.8370361328125,1015.0711059570312,910.5513305664062,908.8141479492188,898.259765625,916.3206176757812,982.990966796875,933.5697021484376,1043.7574462890623,1034.250244140625,948.0952758789062,954.6312866210938,958.8356323242188,948.0946655273438
151.1331787109375,322.6834411621094,46.46694564819336,183.2096099853516,58.07014465332031,720.7923583984375,966.2678833007812,587.1236572265625,1025.8436279296877,49.6837043762207,912.2430419921876,1059.1339111328123,976.6942749023438,1016.8427124023438,962.2255249023438,820.1212158203125,432.8423156738281,918.6636352539062,912.72802734375,62.37609100341797,907.3460083007812,952.8609619140624,53.26996612548828,42.97212219238281,943.760986328125,863.5084228515625,961.9658813476562,1027.6279296875,977.5513305664062,940.3060302734376,924.4927978515624,869.2106323242188,890.6417846679688,517.3770751953125,1007.9627075195312,885.3082885742188,745.3193969726562,1006.80224609375,881.8307495117188,980.06494140625,1102.8642578125,938.796875,1142.1656494140625,1006.6817626953124,923.4656982421876,381.5379943847656,940.8917846679688,1057.4642333984377,1056.654296875,951.0855102539062,939.514892578125,884.7687377929688,895.3182373046875,997.1014404296876,856.2484741210938,978.3771362304688,982.322998046875,272.39337158203125,956.4420776367188,949.4473876953124,979.1376342773438,993.19775390625,991.66552734375,715.960205078125,1051.7984619140623,913.8422241210938,933.2816772460938,462.6645812988281,848.0922241210938,193.81466674804688,545.6732788085939,1026.646484375,987.183837890625,1006.230224609375,1002.3623657226562,129.0946044921875,924.1539916992188,938.198486328125,908.4002685546876,929.3748779296876,933.591796875,926.7381591796876,945.2824096679688,1003.688720703125,804.5103149414062,962.3311157226562,805.406494140625,721.8706665039062,971.8674926757812,1046.5321044921877,1019.2234497070312,794.5046997070312,1017.8233032226562,913.4353637695312,912.6879272460938,895.3131103515625,918.9031982421876,983.927001953125,937.3257446289062,1050.09912109375,1027.1339111328123,953.93115234375,957.6595458984376,966.4525146484376,946.088623046875
155.6510772705078,324.19866943359375,47.77132034301758,185.1554107666016,57.39382934570313,733.3330078125,962.6678466796876,595.3737182617188,1025.844482421875,49.61280822753906,917.6814575195312,1059.3773193359377,974.9984741210938,1015.465576171875,965.393798828125,830.6760864257812,447.2010803222656,919.7666625976562,913.8505249023438,62.51122283935547,911.3322143554688,957.567138671875,54.74924087524414,45.02065658569336,940.6218872070312,861.7910766601562,972.6681518554688,1032.21484375,978.53759765625,940.7046508789062,932.186767578125,868.6278686523438,891.9313354492188,518.7323608398439,1011.0592041015624,884.6600341796875,738.8609008789062,993.1131591796876,884.3143310546875,976.158935546875,1094.4710693359377,938.4755249023438,1141.91162109375,1001.7391967773438,916.0222778320312,382.90667724609375,935.2086791992188,1064.61962890625,1059.070556640625,943.6969604492188,937.3990478515624,881.1671752929688,893.6513061523438,988.2769165039062,856.0820922851562,975.7183227539062,976.3840942382812,274.51663208007807,952.1451416015624,946.0313720703124,979.77001953125,995.4625854492188,993.1144409179688,710.801513671875,1053.329345703125,918.7727661132812,936.8605346679688,463.0386657714844,844.634033203125,190.3069000244141,542.4104614257811,1035.6962890625,985.9244384765624,1015.8020629882812,1004.40869140625,130.17813110351562,933.9011840820312,936.43115234375,905.1945190429688,922.7211303710938,942.1036376953124,931.2550659179688,948.7564697265624,1000.1026000976562,807.9260864257812,971.73388671875,807.55908203125,719.9708862304688,974.5767822265624,1057.0498046875,1018.5162353515624,789.6527709960938,1020.47900390625,917.451171875,910.2181396484376,895.0617065429688,920.7965698242188,991.0974731445312,932.3330688476562,1048.60693359375,1023.51806640625,957.2717895507812,960.3582153320312,963.2510375976562,948.7576904296876
157.8967742919922,325.678955078125,45.01179885864258,186.5149078369141,54.86959838867188,739.8859252929688,966.8168334960938,598.1155395507812,1021.7901000976562,51.23295974731445,912.0137939453124,1060.3629150390623,992.391845703125,1015.8654174804688,953.8635864257812,823.6431884765625,441.6533203125,915.9840698242188,911.2951049804688,67.13522338867189,910.5675659179688,955.0398559570312,53.5803337097168,47.27432250976562,941.2451782226562,861.9093627929688,971.75146484375,1032.2230224609377,977.8873901367188,942.91259765625,929.5387573242188,875.2815551757812,891.7479248046875,514.2755126953125,1014.6593627929688,888.059326171875,746.99609375,998.9800415039062,884.0778198242188,980.4373168945312,1111.72314453125,937.7366333007812,1152.3695068359375,1007.3470458984376,916.5368041992188,386.142333984375,944.702392578125,1061.766357421875,1059.2275390625,949.8312377929688,935.4677124023438,890.1071166992188,898.9796142578125,992.0789184570312,858.3821411132812,974.4163208007812,977.4837646484376,269.936767578125,956.1680297851562,948.522216796875,981.1424560546876,995.8706665039062,991.7920532226562,719.4983520507812,1056.2197265625,917.2811279296876,934.0231323242188,462.02154541015625,851.4815063476562,190.1651763916016,545.10498046875,1037.4752197265623,984.7769165039062,1014.6362915039062,1012.4340209960938,130.29885864257812,933.5817260742188,934.2163696289062,908.457763671875,930.0726928710938,942.0687866210938,928.5997924804688,946.8153686523438,1018.6044311523438,810.6283569335938,964.2025146484376,811.7349853515625,727.9456787109375,985.5899658203124,1050.5576171875,1024.8472900390623,794.7207641601562,1018.2289428710938,916.6642456054688,918.9349365234376,892.6312866210938,931.8051147460938,992.3003540039062,933.7733154296876,1048.858642578125,1030.6883544921877,959.627685546875,968.8956909179688,961.4562377929688,948.02880859375
156.21432495117188,330.8102722167969,45.64788818359375,184.14996337890625,59.02095413208008,741.6293334960938,961.9904174804688,589.3543090820312,1026.6351318359377,47.63925170898438,914.6735229492188,1058.4495849609377,990.56884765625,1024.8074951171877,961.3303833007812,819.5380249023438,442.0096130371094,914.5984497070312,913.0701293945312,66.08840942382811,907.9364624023438,955.1636352539062,52.91269302368164,44.6421012878418,938.1388549804688,860.4036865234375,963.4451904296876,1033.751708984375,976.6242065429688,943.317138671875,934.0964965820312,875.705078125,888.7322998046875,515.3282470703125,1021.42138671875,885.9119873046875,741.721923828125,1003.9038696289062,887.2206420898438,982.5084228515624,1101.0445556640623,935.0458374023438,1145.82763671875,1008.8260498046876,918.8624877929688,379.8273620605469,943.3298950195312,1059.4979248046877,1053.6826171875,948.9810791015624,936.6544799804688,892.3807373046875,896.9689331054688,988.7606811523438,853.5242309570312,978.928466796875,982.7561645507812,270.7245483398437,959.0455322265624,954.752685546875,974.6134033203124,987.5311279296876,996.994140625,712.3731689453125,1059.1561279296877,911.2112426757812,934.5607299804688,461.9438781738281,849.1841430664062,187.5941925048828,543.78564453125,1031.6531982421877,985.05029296875,1017.1903076171876,1005.1513061523438,129.31230163574222,930.8870239257812,939.69921875,900.6983032226562,928.84130859375,934.6923217773438,927.310546875,945.98193359375,1012.68896484375,812.8800659179688,965.0515747070312,804.1814575195312,728.5618286132812,984.5634155273438,1047.4404296875,1023.4910278320312,797.3973999023438,1017.72021484375,910.3859252929688,915.65771484375,899.6549072265625,948.7532958984376,985.8368530273438,931.95263671875,1052.4788818359377,1027.0692138671877,957.44921875,963.2755126953124,961.210205078125,952.3726196289062
163.0748748779297,330.6856384277344,47.04891586303711,176.18600463867188,55.45984649658203,735.0692138671875,953.7627563476562,591.4415893554688,1028.75537109375,51.256591796875,915.5872802734376,1048.29638671875,976.9876708984376,1005.8828125,951.6510009765624,811.7095336914062,436.1291198730469,912.8703002929688,910.5632934570312,66.39858245849611,906.6163940429688,956.7145385742188,54.83964920043945,43.03926467895508,940.5828247070312,861.8738403320312,960.3162841796876,1027.1544189453123,978.4666748046876,933.98876953125,930.025390625,871.70068359375,892.5680541992188,515.2149658203125,1007.78173828125,895.2174072265625,737.100830078125,993.190673828125,883.1849365234375,980.1948852539062,1094.073974609375,932.77734375,1145.2032470703125,1005.0355834960938,917.4956665039062,381.61529541015625,935.3820190429688,1062.4329833984377,1059.8055419921877,943.2020874023438,943.4708862304688,887.7581787109375,896.1428833007812,990.38037109375,857.7823486328125,975.9568481445312,982.2619018554688,272.06936645507807,957.4013061523438,946.91015625,967.0654907226562,988.36572265625,993.9033813476562,714.3809204101562,1060.0875244140623,914.420654296875,937.5675659179688,462.3179931640625,848.2097778320312,187.8239288330078,542.9810791015625,1027.8978271484377,988.8822021484376,1013.7666015625,1017.1104125976562,132.33711242675778,925.1986083984376,935.9638061523438,912.4224853515624,934.1188354492188,932.2109375,931.6715698242188,949.27294921875,1019.18310546875,813.474365234375,967.6561279296876,804.3314208984375,728.4067993164062,987.4607543945312,1048.7213134765623,1026.833251953125,796.4630737304688,1027.8463134765623,915.8485717773438,919.5261840820312,900.518310546875,952.3162841796876,988.7273559570312,934.4468383789062,1058.68212890625,1037.003173828125,957.5037231445312,970.9495239257812,963.0142822265624,955.2053833007812
151.25584411621094,331.4468688964844,46.14066696166992,179.64022827148438,56.46986770629883,724.9052124023438,959.2394409179688,597.9656982421875,1022.9971313476562,50.739173889160156,918.8806762695312,1057.0048828125,970.7926635742188,1007.694580078125,962.2046508789062,823.990478515625,449.5513916015625,917.08447265625,907.44970703125,64.58864593505861,911.5656127929688,954.1013793945312,53.48896408081055,43.48849105834961,945.1482543945312,860.4031982421875,963.2850341796876,1032.68896484375,980.0066528320312,934.4730834960938,926.0940551757812,871.8107299804688,891.4522094726562,526.8864135742189,1009.85009765625,884.6768188476562,739.58544921875,1000.7424926757812,882.8527221679688,976.7919311523438,1107.743408203125,941.5006103515624,1148.3304443359375,1005.0958251953124,915.1753540039062,386.8529052734375,938.5446166992188,1064.22119140625,1054.0181884765623,951.4988403320312,940.3270874023438,881.7732543945312,897.15966796875,987.1397094726562,847.9638671875,971.65869140625,983.0105590820312,269.80340576171875,960.528076171875,945.0770263671876,974.7925415039062,985.8136596679688,991.3715209960938,711.8226318359375,1058.3489990234377,910.0183715820312,937.3889770507812,464.8264465332031,848.5608520507812,188.7850341796875,543.41552734375,1029.803466796875,984.0836181640624,1009.1448364257812,1013.68505859375,130.99324035644528,921.7515258789062,933.9699096679688,907.32861328125,931.2445678710938,932.3729248046876,929.3009643554688,954.1229248046876,1013.03125,810.95361328125,962.0271606445312,805.4075927734375,723.1016235351562,986.1111450195312,1053.8560791015623,1022.5503540039062,796.9525146484375,1024.069580078125,912.7528686523438,911.5343017578124,902.489013671875,938.9005737304688,988.2086791992188,930.5685424804688,1056.071533203125,1033.461669921875,952.5931396484376,962.281982421875,969.0934448242188,954.8243408203124
148.2249298095703,319.2062683105469,45.75619506835938,178.08599853515625,57.6552734375,744.2164306640625,968.0582885742188,578.8064575195312,1036.176025390625,51.56683349609375,910.0628051757812,1060.76806640625,987.0845947265624,1025.9632568359377,970.2630615234376,815.8150024414062,435.544921875,927.6726684570312,913.8916625976562,66.50635528564453,915.1636352539062,955.127197265625,54.1888313293457,44.35566329956055,943.2435302734376,868.4382934570312,974.8389282226562,1037.035888671875,977.2637939453124,939.9457397460938,938.744140625,877.6102905273438,893.2044677734375,509.9275207519531,1019.5394897460938,874.3050537109375,752.25341796875,1011.8551635742188,884.065673828125,983.1838989257812,1111.3431396484377,941.8884887695312,1146.537841796875,1001.9109497070312,917.3906860351562,380.021484375,939.4591064453124,1060.7529296875,1059.722412109375,948.2933959960938,940.1298217773438,885.444580078125,898.1654052734375,988.6502685546876,861.074951171875,981.534423828125,979.2271728515624,273.0072631835937,954.6072387695312,950.0700073242188,985.5404052734376,990.08056640625,987.0557250976562,710.4974365234375,1056.522216796875,918.3244018554688,932.473388671875,462.67578125,849.0890502929688,190.00184631347656,539.63623046875,1034.4658203125,987.655517578125,1009.487548828125,1007.1475219726562,133.04420471191406,932.7791748046876,936.77978515625,905.74072265625,925.791748046875,935.728515625,922.5420532226562,937.3198852539062,1012.8736572265624,808.074951171875,967.3679809570312,812.0452270507812,721.39892578125,979.1057739257812,1049.0191650390623,1019.5602416992188,796.2910766601562,1013.60986328125,921.510986328125,904.0606689453124,895.7349853515625,919.9923706054688,991.45068359375,933.7088623046876,1041.0284423828123,1028.3734130859377,954.879638671875,969.50927734375,968.2184448242188,947.8009033203124
147.1656494140625,319.8367919921875,50.11800003051758,182.8048858642578,57.79332733154297,747.6516723632812,963.59765625,576.5244140625,1047.817138671875,49.5118637084961,915.871826171875,1064.65185546875,987.8468627929688,1024.7303466796877,969.1364135742188,823.1878051757812,438.8192443847656,920.1812133789062,913.7393188476562,63.70822143554688,914.2109375,956.7619018554688,55.30094909667969,44.55684280395508,945.330078125,858.315185546875,973.54541015625,1044.99462890625,974.93115234375,936.26806640625,937.8429565429688,879.5372924804688,893.961181640625,518.21533203125,1013.4054565429688,876.2999877929688,749.2332153320312,1009.51806640625,885.5743408203125,980.52880859375,1097.1634521484377,945.567626953125,1152.337158203125,1003.6779174804688,917.2644653320312,381.2469787597656,941.6748657226562,1057.3160400390623,1058.7120361328123,954.2540893554688,936.8441772460938,881.23193359375,889.862548828125,989.3869018554688,850.98388671875,981.1915283203124,974.82421875,270.90463256835943,951.9417114257812,934.00927734375,982.7453002929688,993.6260375976562,991.5165405273438,713.3582153320312,1051.001220703125,912.0628051757812,938.6463623046876,463.8206787109375,852.4251098632812,190.0698547363281,543.9497680664061,1030.7548828125,986.5269165039062,1011.693359375,1002.9288940429688,132.14682006835938,928.6030883789062,934.96240234375,898.9418334960938,924.3104248046876,932.8634033203124,922.2459106445312,943.5560302734376,1003.7805786132812,809.534423828125,971.22607421875,806.7393798828125,718.2521362304688,978.251953125,1052.7413330078123,1024.9912109375,787.7927856445312,1015.88232421875,919.7205200195312,907.9152221679688,894.4953002929688,923.632080078125,993.8931884765624,930.8601684570312,1048.351806640625,1027.0213623046877,956.4674072265624,960.555419921875,969.9664916992188,949.9462280273438
146.9953155517578,324.08673095703125,48.71622085571289,185.3802947998047,57.30225372314453,743.0980834960938,967.6697998046876,586.7625122070312,1035.7158203125,52.79576873779297,918.968017578125,1066.7838134765623,982.405517578125,1023.3418579101562,968.2660522460938,828.4741821289062,447.458984375,922.9154052734376,914.4359741210938,65.16412353515625,911.901123046875,960.3578491210938,55.02859115600586,43.443031311035156,939.5909423828124,858.3540649414062,979.3446655273438,1039.1253662109377,978.948486328125,941.28466796875,923.28173828125,879.96044921875,892.3642578125,515.8320922851561,1017.381591796875,882.76171875,743.8984985351562,999.8846435546876,884.5078735351562,981.6814575195312,1104.5947265625,937.0427856445312,1143.5291748046875,1004.4391479492188,924.0682373046876,387.0098571777344,938.141845703125,1060.5960693359377,1055.4632568359377,947.0165405273438,935.4747924804688,887.572998046875,894.0476684570312,992.26025390625,855.3870849609375,979.0737915039062,977.5916748046876,270.9400634765625,955.0159301757812,952.744873046875,984.3424072265624,996.4239501953124,996.5611572265624,715.8988647460938,1060.6435546875,915.0484008789062,937.2113647460938,461.9024963378906,855.2276000976562,188.9019927978516,547.6275634765625,1033.4456787109377,987.7026977539062,1012.2699584960938,1007.0203857421876,130.9158935546875,937.6675415039062,939.130859375,911.0408325195312,925.8451538085938,930.1534423828124,924.1173095703124,941.1351928710938,1009.9278564453124,811.0554809570312,965.5345458984376,811.560302734375,722.6490478515625,978.3826904296876,1050.8485107421877,1020.2606811523438,796.66796875,1013.9322509765624,919.4786987304688,904.3717041015624,892.764404296875,922.1888427734376,990.54150390625,935.4965209960938,1043.982421875,1022.0534057617188,953.6951904296876,962.3330688476562,967.2303466796876,948.22607421875
153.84716796875,320.5159606933594,46.202598571777344,180.396484375,60.3673095703125,741.9481201171875,973.7286376953124,582.3212890625,1037.93505859375,51.0473861694336,912.4515991210938,1067.5531005859377,975.037841796875,1018.4068603515624,966.8317260742188,825.92236328125,437.171875,925.8084716796876,915.8267822265624,67.60928344726561,910.53369140625,961.173828125,52.99409103393555,44.01962661743164,938.6588134765624,862.7438354492188,970.2532958984376,1033.7222900390623,979.759765625,940.3165893554688,927.36572265625,873.3125,892.4773559570312,515.5609130859375,1015.82861328125,892.510498046875,739.509521484375,1004.4481811523438,883.9873657226562,977.9415893554688,1094.6240234375,943.7970581054688,1138.7406005859375,996.3239135742188,919.5480346679688,383.7522888183594,944.0603637695312,1058.0152587890623,1053.521240234375,953.496826171875,937.9981689453124,890.190185546875,895.0177001953125,992.0883178710938,852.9200439453125,976.1658935546876,979.9881591796876,272.59039306640625,955.311279296875,946.9317626953124,975.8220825195312,988.31494140625,996.4905395507812,712.6132202148438,1053.4420166015623,915.5078125,939.4540405273438,459.7723693847656,848.8396606445312,188.4636688232422,542.7418823242189,1028.8004150390623,988.0997924804688,1002.5850830078124,1002.14306640625,134.27967834472656,928.42236328125,929.5897216796876,904.2940063476562,923.1930541992188,934.595947265625,926.41357421875,943.9905395507812,997.494140625,810.3406372070312,962.5333251953124,805.5084838867188,717.9166870117188,972.6387939453124,1052.70458984375,1022.4371948242188,794.9646606445312,1007.0620727539062,912.9384155273438,899.5700073242188,892.8491821289062,920.71240234375,986.059326171875,926.0145874023438,1045.766845703125,1030.7449951171877,945.0568237304688,963.59521484375,971.147705078125,944.16064453125
150.2370147705078,342.5628662109375,46.29265213012695,194.52198791503903,60.08652114868164,747.34619140625,967.2767333984376,607.8241577148438,1036.8704833984377,51.05848693847656,910.4498291015624,1068.30810546875,979.3374633789062,1022.7468872070312,967.87744140625,832.0469360351562,444.1271667480469,924.1607666015624,898.8589477539062,62.6870231628418,906.1636352539062,949.11328125,54.87576293945313,46.197059631347656,943.7859497070312,864.4210815429688,965.0236206054688,1042.6785888671877,968.6705322265624,936.5404052734376,925.4696655273438,874.8171997070312,875.9002685546875,530.494140625,1025.8724365234377,876.541748046875,743.5292358398438,1005.466064453125,884.0621948242188,974.4672241210938,1104.8465576171877,940.3341064453124,1149.524169921875,1003.5361938476562,923.4540405273438,385.7210998535156,935.9865112304688,1061.029541015625,1057.7420654296877,952.0902099609376,936.0772094726562,879.650390625,902.39306640625,992.188720703125,852.2423095703125,977.0105590820312,978.7992553710938,269.0980834960937,954.5659790039062,954.69775390625,979.459716796875,987.60546875,984.577392578125,716.232421875,1060.0765380859377,913.5062866210938,930.0570678710938,457.2667541503906,845.8845825195312,192.69839477539062,557.3347778320311,1030.0782470703123,976.5835571289062,1010.8924560546876,1000.8943481445312,132.03204345703122,927.5739135742188,934.4716186523438,909.9396362304688,928.1923217773438,939.6270751953124,928.4476928710938,949.3024291992188,999.6009521484376,808.7549438476562,966.03125,817.749267578125,721.10791015625,972.3800659179688,1048.5313720703123,1018.5150146484376,793.9061279296875,1015.1408081054688,921.9606323242188,909.9849853515624,894.86376953125,908.5855102539062,989.15966796875,934.2235717773438,1044.6915283203123,1027.69677734375,957.9281616210938,963.3067626953124,965.0011596679688,948.6741333007812
149.8138427734375,336.57586669921875,47.87363815307617,185.75445556640625,59.81467819213867,740.689208984375,965.1624145507812,572.9446411132812,1048.2252197265623,48.6690788269043,908.0783081054688,1049.5020751953123,990.7937622070312,1000.8460083007812,970.4490356445312,816.3519287109375,437.25299072265625,919.5953979492188,899.8521728515625,63.83385467529297,918.1397094726562,948.3981323242188,51.62814712524414,45.6724624633789,942.7930908203124,862.8479614257812,961.418701171875,1036.242919921875,986.9588012695312,941.9065551757812,938.9723510742188,867.55224609375,890.33251953125,515.24072265625,1011.5646362304688,890.7243041992188,743.5053100585938,1006.1463012695312,879.6121215820312,977.5330200195312,1106.8355712890623,941.7074584960938,1151.7952880859375,1005.5772094726562,927.45947265625,384.2434387207031,929.9457397460938,1054.97802734375,1059.0157470703123,952.99267578125,935.4832153320312,888.5570678710938,898.0728759765625,999.4918823242188,859.20361328125,977.2628784179688,973.7947387695312,279.4965209960937,957.7723999023438,942.2937622070312,972.75537109375,993.4530029296876,1000.889404296875,716.998779296875,1055.4515380859377,914.55712890625,936.0341186523438,465.20111083984375,848.7481079101562,186.01536560058597,551.30419921875,1021.1401977539062,999.774658203125,1015.7954711914062,1004.03369140625,131.38558959960938,937.65576171875,935.5343627929688,904.79833984375,935.4872436523438,943.9262084960938,925.4113159179688,944.6730346679688,1014.5387573242188,813.2946166992188,966.9794311523438,809.3831176757812,722.7857055664062,981.4669799804688,1053.04541015625,1026.4700927734377,797.5869140625,1006.9884643554688,921.0914916992188,914.8009033203124,893.71533203125,934.4647216796876,994.0991821289062,935.6513061523438,1060.4169921875,1030.8690185546877,955.03564453125,970.1529541015624,968.91015625,961.1263427734376
152.3831024169922,324.6719055175781,48.10744094848633,182.25538635253903,57.97964096069336,736.3550415039062,961.67724609375,591.8312377929688,1034.148193359375,49.7208137512207,911.3981323242188,1062.8345947265623,989.5089721679688,1017.65771484375,964.4845581054688,818.00048828125,438.05987548828125,920.4519653320312,913.9151000976562,67.45425415039061,915.83056640625,959.1531372070312,54.69879531860352,45.1472053527832,942.408203125,861.89892578125,967.0746459960938,1033.2225341796877,976.1798095703124,939.96533203125,931.234375,866.294189453125,896.3734741210938,514.207763671875,1015.1746215820312,885.3157958984375,750.1046752929688,999.7417602539062,892.1741333007812,982.4564819335938,1105.0550537109377,940.322998046875,1153.331787109375,1013.0430908203124,925.8634033203124,385.7206115722656,943.198486328125,1065.040771484375,1056.0322265625,954.36181640625,937.4173583984376,889.1873779296875,896.6102905273438,1002.1651000976562,855.5516967773438,983.4774780273438,978.0476684570312,272.16998291015625,949.5167846679688,948.1863403320312,968.9349365234376,992.2420654296876,991.677734375,720.3279418945312,1057.36572265625,913.5604248046876,936.3118896484376,468.78900146484375,858.1939086914062,186.8888092041016,550.0332641601561,1027.9222412109377,990.6691284179688,1005.315673828125,999.8681030273438,133.9864501953125,924.1137084960938,935.6005249023438,909.141845703125,930.352294921875,938.4775390625,921.4888916015624,940.4645385742188,1008.208984375,812.5758666992188,968.3814697265624,798.59814453125,719.8765258789062,976.4708251953124,1056.7298583984377,1027.5325927734377,790.0034790039062,1002.8350219726562,909.625,905.5222778320312,895.3768310546875,922.8653564453124,990.4793090820312,924.198486328125,1044.827880859375,1036.2572021484377,959.5082397460938,963.0881958007812,963.0108032226562,950.0736083984376
150.46481323242188,321.1799621582031,47.647743225097656,181.56588745117188,56.6057243347168,734.5208740234375,965.7354125976562,591.886474609375,1024.4083251953123,49.9920768737793,916.21142578125,1058.9453125,982.3255615234376,1017.938232421875,960.57861328125,818.068359375,439.73077392578125,921.1536865234376,909.7404174804688,63.54079818725586,913.7101440429688,956.4510498046876,54.18895721435547,42.95336532592773,938.309814453125,861.8007202148438,968.1104125976562,1031.5953369140623,981.4310302734376,942.0767822265624,929.1290893554688,864.753173828125,891.7777709960938,514.0902099609375,1012.421875,890.869873046875,738.800537109375,1001.9459228515624,889.4722290039062,980.9947509765624,1114.1063232421877,945.1296997070312,1151.226318359375,1007.8584594726562,918.6446533203124,387.2806701660156,942.5187377929688,1058.4986572265623,1063.8140869140623,950.52978515625,941.7433471679688,890.3943481445312,898.6851196289062,991.97119140625,858.2366333007812,984.97509765625,975.8654174804688,268.5592041015625,951.6135864257812,953.150390625,972.6148071289062,992.3955688476562,995.8317260742188,714.6990966796875,1058.0565185546877,912.540283203125,934.2664184570312,468.3598937988281,855.2346801757812,191.0072326660156,551.31591796875,1029.11669921875,988.4376831054688,1011.3737182617188,1002.2960815429688,130.85414123535156,933.4363403320312,936.4651489257812,905.2720336914062,927.5297241210938,933.631591796875,925.9074096679688,944.589111328125,1011.061767578125,816.7140502929688,970.4201049804688,803.53076171875,725.17041015625,980.321533203125,1050.0723876953123,1020.4962768554688,795.4093627929688,1019.6234741210938,908.3756103515624,908.80859375,894.3471069335938,925.1236572265624,987.6224975585938,928.388671875,1049.3204345703123,1028.58251953125,957.8845825195312,963.3435668945312,961.6378784179688,950.13037109375
152.4668426513672,321.509765625,44.60271072387695,179.05738830566406,55.35842514038086,734.45849609375,967.4469604492188,589.7717895507812,1027.4686279296877,50.5389518737793,914.4624633789062,1060.8095703125,978.3595581054688,1015.5055541992188,963.97802734375,817.005615234375,440.12335205078125,921.4104614257812,911.9027709960938,64.10840606689453,913.1769409179688,951.4396362304688,55.16731262207031,44.560733795166016,940.8615112304688,862.2398071289062,970.7593383789062,1032.8765869140623,984.93701171875,940.7169799804688,931.6720581054688,870.1663208007812,892.1604614257812,515.6925659179689,1015.3897094726562,888.7875366210938,743.3722534179688,998.4568481445312,888.5512084960938,975.3147583007812,1109.2301025390623,935.0844116210938,1146.07080078125,1005.0037231445312,919.0223999023438,378.83251953125,936.6506958007812,1055.7769775390623,1055.631591796875,951.442626953125,940.5420532226562,885.3009643554688,893.61181640625,991.9697875976562,858.03662109375,983.333251953125,980.655517578125,272.23458862304693,954.4053344726562,949.4337158203124,978.8204345703124,989.7559814453124,992.11181640625,713.3102416992188,1058.1331787109377,917.4566040039062,936.8129272460938,462.547119140625,852.7899780273438,189.9415435791016,548.8439331054689,1035.96435546875,981.45361328125,1013.6087036132812,1008.5028686523438,126.882568359375,927.6048583984376,935.5812377929688,908.64208984375,924.7362060546876,933.2418823242188,920.735595703125,948.08203125,1007.0057373046876,816.2576293945312,967.3185424804688,804.7909545898438,719.1828002929688,976.7266845703124,1046.371826171875,1018.1882934570312,795.1062622070312,1024.3656005859377,915.6652221679688,910.2312622070312,895.36376953125,933.5779418945312,985.7103271484376,929.6304931640624,1047.606201171875,1031.258544921875,954.4999389648438,963.8440551757812,961.6033935546876,952.1343383789062
150.6683349609375,333.5322570800781,46.74832153320313,183.64328002929688,55.95209121704102,733.4506225585938,967.4093627929688,589.5890502929688,1034.409423828125,48.67271423339844,912.169189453125,1058.12890625,977.517578125,1015.6162719726562,961.942626953125,819.7130126953125,437.4664916992188,920.2893676757812,910.823486328125,62.73881530761719,913.9346313476562,950.8743896484376,53.68874740600586,45.68263626098633,946.7786865234376,863.6932373046875,967.7557373046876,1027.71337890625,982.7952270507812,938.2548217773438,930.4453125,872.90576171875,889.8380737304688,514.4168701171875,1009.3712158203124,893.661376953125,747.9949340820312,999.219970703125,881.374267578125,975.4869384765624,1091.482666015625,931.0414428710938,1136.62451171875,994.7340698242188,917.4971313476562,381.9414978027344,934.9884643554688,1058.7802734375,1052.6688232421877,946.3999633789062,939.96337890625,882.6658935546875,899.5698852539062,993.4539184570312,859.725830078125,973.2540283203124,977.6762084960938,263.91220092773443,952.64501953125,947.2950439453124,980.0654907226562,983.4505615234376,991.5638427734376,711.4359130859375,1055.7467041015623,924.9498291015624,932.9567260742188,462.1794738769531,844.1484985351562,186.41981506347656,543.4989013671875,1028.475830078125,982.3285522460938,1004.6830444335938,1003.8197021484376,130.91763305664062,933.424560546875,935.6098022460938,909.4830322265624,931.100830078125,935.3529663085938,925.00439453125,945.5982666015624,998.6795043945312,811.8167724609375,965.6526489257812,806.8893432617188,715.0665893554688,971.419921875,1045.3603515625,1019.34619140625,796.5101318359375,1022.3602905273438,913.8670654296876,914.553955078125,894.9971313476562,930.427001953125,992.4271240234376,934.74072265625,1047.7835693359377,1027.1934814453123,956.67138671875,960.6277465820312,963.7423095703124,947.3916625976562
149.74850463867188,331.7952880859375,48.75872802734375,188.67022705078125,58.32416152954102,743.1793212890625,962.9207153320312,609.3896484375,1029.9263916015623,50.35758972167969,918.149658203125,1063.924560546875,972.6837768554688,1020.2833251953124,964.4240112304688,840.0012817382812,454.8276672363281,919.112060546875,915.5682373046876,62.99929428100586,911.5148315429688,958.4059448242188,55.03293991088867,44.9691276550293,935.1286010742188,862.057373046875,970.75537109375,1033.0606689453123,982.4579467773438,941.6331176757812,930.33935546875,876.9298706054688,894.20166015625,529.0668334960939,1009.2568969726562,880.7567749023438,750.3262939453125,1000.67138671875,884.7411499023438,977.7211303710938,1092.614013671875,933.13525390625,1142.640625,1000.650390625,915.2743530273438,387.9716491699219,934.35205078125,1060.768798828125,1055.5589599609377,945.1137084960938,942.947998046875,886.0269165039062,898.049560546875,983.18505859375,853.0646362304688,972.0833740234376,972.7782592773438,270.90573120117193,954.1931762695312,943.0829467773438,973.8087158203124,990.880859375,996.0029907226562,713.0144653320312,1050.900390625,915.5283813476562,935.9425659179688,464.7726745605469,845.6879272460938,187.7831115722656,539.0740966796875,1024.7080078125,985.7833862304688,1010.1117553710938,1000.4049072265624,130.71315002441406,928.1720581054688,934.251220703125,907.15380859375,925.110107421875,933.7958984375,931.4319458007812,950.5529174804688,1000.0812377929688,809.9292602539062,968.3754272460938,807.0345458984375,720.4679565429688,971.6189575195312,1051.156494140625,1017.37890625,795.5701293945312,1013.5516967773438,911.6090698242188,912.8404541015624,900.1212158203125,912.89599609375,986.3194580078124,929.75,1049.163818359375,1033.4071044921877,952.58349609375,952.5931396484376,968.1691284179688,945.7097778320312
151.44216918945312,321.4292907714844,46.50061416625977,183.1840362548828,55.72489929199219,729.9425659179688,963.4072875976562,588.107421875,1028.1002197265623,51.0559196472168,909.81494140625,1056.560302734375,976.475341796875,1020.950439453125,961.9768676757812,817.0147094726562,428.676025390625,915.811767578125,914.13671875,61.40378952026367,912.4268188476562,958.5653686523438,52.169334411621094,45.11348342895508,936.143310546875,859.8211669921875,964.9851684570312,1033.51953125,980.1400146484376,937.1871948242188,935.096923828125,879.9818115234375,891.2174072265625,512.7229614257811,1012.1638793945312,885.7415771484375,748.1647338867188,1000.529296875,881.0881958007812,975.9920043945312,1096.33447265625,940.477783203125,1145.83740234375,1004.5650634765624,914.6174926757812,381.8833923339844,943.8477783203124,1060.0855712890623,1058.90576171875,946.3009033203124,935.071044921875,886.9274291992188,900.4568481445312,990.69482421875,855.3624877929688,973.7012939453124,984.983154296875,274.30404663085943,954.8413696289062,948.091796875,971.6896362304688,989.4180908203124,992.5661010742188,717.1548461914062,1049.7064208984377,915.9600219726562,935.7686157226562,464.1974792480469,844.8682861328125,187.2499237060547,545.1300659179689,1023.8497924804688,988.322265625,1014.946533203125,1000.8718872070312,128.92488098144528,919.87646484375,938.507080078125,907.020263671875,933.0321655273438,942.3896484375,928.5484008789062,951.216064453125,1013.889404296875,812.7399291992188,964.9005737304688,813.6404418945312,724.0281982421875,982.21044921875,1044.635986328125,1018.753173828125,796.07373046875,1015.400390625,920.7747802734376,914.97607421875,895.3591918945312,927.4402465820312,987.46630859375,929.1920166015624,1052.8572998046877,1029.1937255859377,959.5379028320312,963.1625366210938,970.1655883789062,947.4880981445312
152.10952758789062,316.9486389160156,46.96977233886719,184.73426818847656,56.59345626831055,745.1652221679688,966.0471801757812,592.5582885742188,1019.7833251953124,48.55750274658203,912.270263671875,1058.6783447265623,980.0056762695312,1024.785400390625,960.5626831054688,827.3482666015625,439.8445129394531,922.9806518554688,912.330078125,67.51596832275389,909.9484252929688,949.7293090820312,54.13250350952149,45.03458023071289,939.0599975585938,856.2247314453125,975.151123046875,1036.11474609375,975.0282592773438,936.4608154296876,931.7445678710938,874.2305908203125,891.6559448242188,520.0849609375,1013.9359741210938,876.18603515625,742.7681884765625,1002.9871215820312,884.5549926757812,978.3123779296876,1095.1495361328123,943.8878784179688,1142.0433349609375,1006.8928833007812,918.2030029296876,380.756103515625,936.6112060546876,1061.5360107421877,1058.2664794921877,952.4317626953124,938.2169799804688,885.8888549804688,891.4400634765625,980.5398559570312,850.98193359375,978.6472778320312,981.5841674804688,276.31845092773443,954.4890747070312,945.03125,974.4558715820312,989.8445434570312,989.4014282226562,712.068603515625,1057.508544921875,910.8545532226562,941.8936157226562,460.1922302246094,849.3256225585938,191.59552001953125,544.17919921875,1024.8570556640623,982.6312866210938,1018.2124633789062,1006.489501953125,128.2874755859375,918.2654418945312,937.7217407226562,904.8826293945312,922.3564453125,940.2933959960938,925.83740234375,945.8682250976562,1008.6427612304688,808.83740234375,966.564453125,809.6573486328125,722.5010986328125,985.9669189453124,1055.94287109375,1024.7822265625,794.6583251953125,1010.7030029296876,918.3317260742188,912.767578125,894.5999145507812,933.5036010742188,991.06640625,934.0991821289062,1051.3941650390623,1026.3433837890623,954.4230346679688,964.8889770507812,963.9660034179688,956.3541259765624
154.4539031982422,318.1582946777344,48.25030899047852,181.8394012451172,55.680381774902344,728.6820068359375,963.0343627929688,588.401611328125,1025.735107421875,52.42087173461914,909.45458984375,1054.9356689453123,983.289794921875,1014.372314453125,959.094482421875,821.2083740234375,438.1424255371094,922.6484375,910.3478393554688,65.99642181396484,909.7894897460938,956.1798095703124,56.07620239257813,42.12413787841797,942.1520385742188,858.4642333984375,958.746826171875,1033.7261962890623,970.3037719726562,934.018798828125,930.76416015625,880.4851684570312,890.7720947265625,516.7755126953125,1013.8363647460938,882.311767578125,739.4295654296875,1000.2881469726562,883.7830810546875,979.030029296875,1100.6202392578123,935.1371459960938,1146.9696044921875,1007.3025512695312,915.7381591796876,386.34356689453125,940.1666259765624,1059.3408203125,1055.7894287109377,949.198486328125,939.8526000976562,879.892578125,895.5791625976562,989.8117065429688,855.881103515625,973.206298828125,979.6710815429688,272.9376220703125,955.77001953125,946.1383666992188,974.4588012695312,985.5101928710938,990.75244140625,712.6652221679688,1059.711669921875,913.3790283203124,930.082763671875,464.3520202636719,846.912109375,189.91493225097656,547.043212890625,1030.0419921875,989.5538940429688,1013.719482421875,1011.9412841796876,130.10824584960938,927.6336059570312,939.28759765625,903.6171875,929.00537109375,936.0010986328124,929.6233520507812,943.0853271484376,1008.7937622070312,800.125,963.6134643554688,804.1113891601562,721.0816040039062,981.3889770507812,1052.6795654296877,1026.48974609375,792.6337890625,1017.6607055664062,914.110107421875,909.1896362304688,898.927001953125,922.0554809570312,986.9871215820312,934.6675415039062,1055.3499755859377,1025.5179443359377,951.811279296875,963.65673828125,963.2959594726562,950.0525512695312
149.50819396972656,323.3307800292969,47.61029815673828,182.20281982421875,58.1478271484375,736.143310546875,961.9239501953124,586.4095458984375,1031.4398193359377,51.44707870483398,910.9678344726562,1061.7596435546877,974.6000366210938,1020.8040771484376,963.5913696289062,823.1431274414062,440.9794921875,922.4849853515624,909.4812622070312,65.63259124755861,909.9322509765624,957.1329956054688,55.07681274414063,43.9000129699707,939.8385620117188,860.7067260742188,966.891357421875,1036.1324462890623,975.56591796875,936.595703125,929.3294677734376,873.8909301757812,890.285888671875,515.13623046875,1014.8793334960938,882.8441772460938,746.0413818359375,1005.7420043945312,883.5431518554688,979.9933471679688,1107.857421875,940.8111572265624,1152.5372314453125,1010.7042846679688,920.42626953125,382.75177001953125,940.8479614257812,1065.4671630859377,1060.6558837890623,948.4844970703124,939.2926635742188,883.611328125,895.5138549804688,992.9054565429688,860.5987548828125,983.9342041015624,979.6974487304688,273.84213256835943,958.2501831054688,948.2291259765624,975.8634033203124,990.9251708984376,994.4119873046876,718.0791015625,1059.6904296875,920.7797241210938,935.4352416992188,466.068115234375,853.609619140625,190.3701629638672,550.8782958984375,1026.734619140625,990.8635864257812,1013.7710571289062,1006.5447387695312,131.52117919921878,926.1234741210938,935.4376220703124,909.026123046875,929.1710815429688,936.376220703125,924.79638671875,942.2029418945312,1004.4627075195312,810.3280639648438,971.2067260742188,806.6716918945312,721.2258911132812,978.1251831054688,1052.8450927734377,1026.45361328125,796.3121948242188,1013.7249145507812,914.2632446289062,907.6941528320312,894.1902465820312,918.7984008789062,990.2190551757812,931.8736572265624,1047.6192626953123,1030.1973876953123,952.8223876953124,963.4012451171876,967.5776977539062,950.4788208007812
152.89100646972656,329.1219177246094,48.7172737121582,186.55372619628903,57.58804321289063,745.0119018554688,965.1365356445312,596.2236938476562,1032.013916015625,50.95697021484375,914.9138793945312,1061.027587890625,986.05322265625,1020.5662231445312,966.1189575195312,830.0115966796875,450.1014099121094,919.5377197265624,913.3637084960938,65.01251220703125,914.131591796875,952.7894897460938,54.6515007019043,44.41547775268555,942.3623657226562,863.098388671875,971.3208618164062,1035.42578125,980.60888671875,941.3726196289062,933.2750854492188,879.0770263671875,893.3617553710938,516.8998413085939,1021.7131958007812,876.0068969726562,750.05078125,1001.8182373046876,885.2705688476562,979.4361572265624,1099.7308349609377,938.748046875,1143.720703125,1002.7550659179688,915.3324584960938,386.9336853027344,934.2803344726562,1060.8702392578123,1057.567138671875,950.2371215820312,941.022216796875,882.3240356445312,897.361328125,991.5388793945312,854.0833740234375,972.8777465820312,984.19921875,268.76254272460943,952.90234375,947.5994873046876,976.614013671875,985.6995239257812,995.3201904296876,714.5884399414062,1057.4654541015623,910.2250366210938,933.54638671875,463.0213317871094,849.0723266601562,188.0740509033203,544.4884643554689,1026.6104736328123,988.1448364257812,1012.889892578125,1013.18603515625,129.86711120605472,929.0279541015624,940.0282592773438,912.2785034179688,929.3383178710938,936.8193359375,923.7520751953124,946.0925903320312,1008.8370971679688,812.800537109375,966.8153686523438,810.9556274414062,724.15869140625,979.2322998046876,1053.09814453125,1021.0528564453124,798.2326049804688,1018.3088989257812,917.2645874023438,913.2588500976562,897.3386840820312,934.5913696289062,992.5587768554688,933.8543701171876,1055.04443359375,1028.9683837890623,960.7919311523438,962.6490478515624,969.3428344726562,949.301513671875
151.1919403076172,327.37396240234375,47.00159072875977,182.6437530517578,57.85097122192383,741.4437866210938,968.2236938476562,582.725341796875,1036.8746337890623,49.2039680480957,915.3189697265624,1061.2530517578123,993.024658203125,1022.8087768554688,966.3121948242188,819.6609497070312,438.95416259765625,920.968017578125,914.8557739257812,63.7598876953125,915.387939453125,954.23193359375,52.30583190917969,44.13529968261719,945.642578125,860.5806884765625,969.8383178710938,1040.3873291015623,980.3665771484376,944.5267333984376,929.7302856445312,867.1688842773438,890.3717041015625,517.1259765625,1012.8463134765624,893.0125732421875,745.8223266601562,999.8486938476562,882.6702270507812,977.8335571289062,1103.8662109375,941.4671020507812,1145.5340576171875,999.598388671875,915.1912231445312,384.6351013183594,936.39306640625,1058.3453369140623,1057.457763671875,954.7793579101562,938.1011352539062,885.762451171875,894.8090209960938,989.8927001953124,849.6983032226562,976.2887573242188,976.1497802734376,273.280029296875,953.7921752929688,947.4693603515624,974.4923706054688,993.8972778320312,989.8804321289062,714.9441528320312,1051.968017578125,912.811767578125,932.5119018554688,462.2257385253906,848.6563720703125,188.8943023681641,548.6902465820311,1035.85498046875,987.7861938476562,1006.8914794921876,1000.41943359375,132.1539306640625,930.8984375,935.951171875,900.44091796875,928.7216186523438,931.0278930664062,926.3309936523438,949.6153564453124,1008.4347534179688,810.7979125976562,962.3186645507812,809.685546875,723.6132202148438,981.51220703125,1044.910400390625,1019.8927001953124,793.4371337890625,1018.422607421875,918.40576171875,908.11083984375,897.0133666992188,931.0476684570312,987.8628540039062,936.1636352539062,1045.07275390625,1025.845458984375,960.0549926757812,958.5379028320312,967.8919677734376,950.15869140625
154.99325561523438,332.9020080566406,46.39240264892578,185.4046630859375,57.60165786743164,740.5494995117188,969.2142333984376,591.5411376953125,1036.2099609375,51.67811584472656,923.802001953125,1059.720703125,988.3134155273438,1015.760498046875,968.5451049804688,822.9912109375,441.83111572265625,919.3402709960938,910.0247802734376,63.6185302734375,909.22216796875,950.0240478515624,52.45286178588867,45.56864547729492,940.5709228515624,860.5380859375,968.0994262695312,1030.17578125,981.9354248046876,943.871826171875,932.52685546875,878.0623168945312,891.33447265625,517.5126342773439,1011.421875,884.3642578125,737.89404296875,998.5095825195312,883.407470703125,976.5095825195312,1102.21630859375,934.1161499023438,1145.5743408203125,1004.68994140625,918.1453247070312,383.8945617675781,937.4738159179688,1059.542724609375,1055.810791015625,946.9718627929688,935.7385864257812,881.9014282226562,893.79296875,989.3140258789062,853.141357421875,977.04443359375,980.7520751953124,271.83145141601557,952.958251953125,948.12841796875,986.74853515625,987.1397094726562,991.5382690429688,718.0686645507812,1059.1129150390623,912.2914428710938,933.2537841796876,460.6668395996094,850.6695556640625,189.14537048339844,544.751708984375,1033.96142578125,986.8898315429688,1006.2413330078124,1004.3458862304688,130.30186462402344,937.7767333984376,931.3087768554688,902.77490234375,927.6375122070312,936.190673828125,920.8823852539062,942.98974609375,1008.7376708984376,806.9869995117188,961.6442260742188,807.7386474609375,721.2838745117188,976.9541625976562,1053.923828125,1018.8956909179688,787.8059692382812,1025.0693359375,918.543701171875,908.865234375,892.3707885742188,929.4963989257812,985.6808471679688,934.3381958007812,1044.9573974609377,1029.468994140625,957.0226440429688,958.0004272460938,964.6640625,953.38134765625
153.5771026611328,333.9214782714844,45.90769577026367,180.6802062988281,58.096641540527344,735.8836059570312,962.4899291992188,590.2658081054688,1043.8763427734377,50.32300186157226,919.1258544921876,1057.343017578125,989.6306762695312,1013.1505126953124,966.5980834960938,818.2357788085938,437.4818420410156,919.1129760742188,906.8209228515624,65.47768402099611,909.0929565429688,953.9579467773438,52.3983268737793,45.13156127929688,935.412841796875,863.0718383789062,961.7017822265624,1030.1842041015623,983.16162109375,943.2779541015624,924.6063842773438,872.7408447265625,892.4457397460938,519.3162231445311,1013.59228515625,885.7937622070312,742.9420776367188,997.8960571289062,888.3036499023438,974.5785522460938,1093.9378662109377,938.3681030273438,1140.0401611328125,1002.765625,918.2498168945312,385.2133483886719,940.697998046875,1054.157958984375,1055.6011962890623,948.9429321289062,933.7457885742188,886.3285522460938,897.5392456054688,992.1801147460938,856.2110595703125,976.3739624023438,974.4821166992188,269.77420043945307,952.3486938476562,952.8733520507812,975.7719116210938,991.2704467773438,993.7420043945312,711.96142578125,1056.0986328125,911.7255249023438,936.98974609375,457.0607604980469,848.4949340820312,188.01580810546875,546.5308227539061,1038.0635986328123,990.3543090820312,1010.862060546875,1007.6084594726562,127.97261810302734,936.6065063476562,937.9931030273438,905.0704345703124,924.4619750976562,932.4750366210938,930.87744140625,947.01708984375,1008.02978515625,811.75341796875,967.388671875,807.2949829101562,725.1195068359375,979.4915771484376,1052.593505859375,1019.0908813476562,792.4044799804688,1026.8463134765623,915.7515869140624,908.9367065429688,897.40087890625,933.4783325195312,986.8694458007812,933.48193359375,1042.9622802734377,1031.9532470703123,953.5420532226562,960.6878051757812,966.3273315429688,947.3460083007812
153.38363647460938,333.9649353027344,48.17472457885742,183.2856903076172,58.158607482910156,746.3142700195312,966.3145751953124,594.6126098632812,1038.85107421875,47.19199752807617,912.119873046875,1064.526611328125,985.419677734375,1015.22314453125,967.7733154296876,825.384521484375,439.4050598144531,921.82568359375,908.7438354492188,64.74448394775389,912.638671875,955.9959106445312,55.5296516418457,44.873802185058594,944.6683959960938,862.2777709960938,974.6980590820312,1033.996826171875,977.8468627929688,937.65380859375,933.822998046875,872.4005737304688,889.6668090820312,521.94970703125,1013.1409301757812,888.9805908203125,744.9852905273438,1002.4402465820312,881.1937866210938,976.06982421875,1101.8785400390623,937.5011596679688,1137.8896484375,998.0563354492188,926.7199096679688,382.282470703125,935.0140991210938,1052.92822265625,1059.42626953125,944.8886108398438,936.4279174804688,887.7527465820312,898.7901000976562,990.59130859375,847.105712890625,974.6053466796876,977.2444458007812,272.6288452148437,952.66943359375,946.1116333007812,988.749267578125,988.520263671875,988.3873291015624,712.50927734375,1054.8765869140623,909.5933227539062,937.6756591796876,456.5666198730469,845.2853393554688,188.9704742431641,540.2072143554689,1028.1695556640623,976.0348510742188,1008.7752685546876,1002.2421875,135.64588928222656,934.9181518554688,935.0569458007812,906.816162109375,923.3411865234376,939.5864868164062,922.9800415039062,947.6115112304688,998.9247436523438,811.4104614257812,962.94140625,805.7073974609375,718.0042724609375,974.92138671875,1053.3758544921877,1020.5787353515624,794.47802734375,1020.9194946289062,918.49951171875,907.3973999023438,898.5154418945312,927.2951049804688,986.7642822265624,928.8450927734376,1043.915283203125,1027.729736328125,951.3045654296876,962.4386596679688,963.958251953125,948.9253540039062
152.0616912841797,328.0007629394531,46.17345428466797,185.63938903808597,56.30730819702149,735.5394897460938,969.12939453125,591.6060180664062,1038.5367431640623,50.21445846557617,913.66357421875,1063.0628662109377,980.7974853515624,1014.1329956054688,964.9332885742188,820.6005859375,434.9149475097656,921.3970947265624,915.3211059570312,66.08265686035156,914.9381103515624,951.7144165039062,54.6139030456543,43.153717041015625,942.4933471679688,863.0880126953125,973.1651000976562,1031.9000244140623,980.2381591796876,938.0354614257812,935.865966796875,870.4483032226562,888.6017456054688,518.3806762695311,1015.4631958007812,877.60791015625,744.8351440429688,999.1451416015624,887.3396606445312,980.32421875,1111.6663818359377,938.78662109375,1144.9168701171875,1002.7115478515624,917.0313720703124,385.7710571289063,938.69287109375,1060.206787109375,1058.114013671875,951.8616333007812,937.1968383789062,890.7316284179688,898.0988159179688,988.8527221679688,857.2492065429688,977.350830078125,980.0817260742188,271.00485229492193,958.389892578125,942.2203979492188,985.675048828125,996.9649658203124,996.44384765625,710.6917114257812,1057.4393310546877,918.4200439453124,939.2067260742188,463.1199035644531,847.3228149414062,192.1295166015625,540.3316040039061,1033.5999755859377,987.2699584960938,1007.3541870117188,1006.2518310546876,130.4993896484375,934.9185791015624,936.5164184570312,905.872802734375,928.225830078125,937.9641723632812,927.95361328125,944.8108520507812,1006.7522583007812,809.552490234375,964.44921875,807.1680908203125,719.26220703125,983.2769165039062,1048.450927734375,1023.310546875,789.7814331054688,1008.1629028320312,915.4442749023438,911.5106811523438,894.05322265625,933.81494140625,991.1470947265624,935.8138427734376,1043.3668212890623,1035.464111328125,954.0939331054688,966.8777465820312,961.80517578125,952.5736083984376
152.004150390625,323.4664001464844,45.90147018432617,183.0359039306641,57.57197570800781,734.83056640625,968.07373046875,581.5532836914062,1033.366943359375,49.3581657409668,914.2260131835938,1060.5687255859377,979.3970947265624,1017.908935546875,962.9710083007812,821.4451293945312,443.73333740234375,920.1885375976562,912.2923583984376,65.03352355957031,910.7615966796876,956.2205810546876,55.0548095703125,45.98500061035156,943.4514770507812,861.7808837890625,970.1431884765624,1033.4976806640623,979.4669799804688,940.4107666015624,930.4071655273438,876.7286987304688,888.9066772460938,521.7835693359375,1012.6769409179688,888.9215698242188,744.2880859375,1008.32177734375,886.71875,979.353515625,1096.645263671875,939.1430053710938,1141.59619140625,996.9321899414062,914.8052978515624,380.940185546875,941.9036865234376,1059.19775390625,1056.215087890625,948.103515625,937.8590698242188,888.65380859375,897.2694702148438,986.6176147460938,853.017822265625,969.7296752929688,969.2326049804688,272.25924682617193,954.8482666015624,947.2708740234376,986.3682861328124,989.30810546875,993.5819091796876,711.583740234375,1054.2137451171877,910.0626220703124,936.9844970703124,459.0945739746094,849.9541625976562,189.5364990234375,544.4276123046875,1028.7548828125,979.72607421875,1015.0805053710938,1001.68994140625,133.3016357421875,934.9020385742188,936.8068237304688,903.4625854492188,923.6046752929688,936.8698120117188,926.4526977539062,941.7286376953124,1011.30517578125,813.4441528320312,963.875732421875,806.8611450195312,721.7927856445312,976.2689208984376,1044.7296142578123,1021.93115234375,799.3070678710938,1010.4157104492188,914.9874267578124,912.1415405273438,890.8690185546875,925.803466796875,987.6571655273438,935.2200927734376,1047.76318359375,1021.5636596679688,956.6687622070312,967.79736328125,967.1493530273438,948.3963623046876
148.89381408691406,322.3880920410156,48.31291961669922,180.2983856201172,56.71737670898438,738.992431640625,965.0955810546876,579.1531372070312,1023.0453491210938,47.21711730957031,911.3182373046876,1058.5589599609377,978.12158203125,1020.9181518554688,965.1541748046876,820.0197143554688,438.9997863769531,920.5845947265624,912.385498046875,63.20119094848633,909.4805908203124,958.2161865234376,53.37749099731445,46.18381118774414,948.2067260742188,865.3038940429688,964.3851928710938,1033.97314453125,974.717529296875,936.77197265625,933.2039184570312,878.26318359375,887.3894653320312,517.1744995117189,1010.656982421875,886.3455810546875,742.439453125,1004.4905395507812,886.37451171875,976.68798828125,1103.30029296875,941.8296508789062,1145.3948974609375,1006.832763671875,923.125732421875,385.540283203125,937.5796508789062,1058.2666015625,1049.3199462890623,949.5043334960938,940.8450927734376,888.8662109375,894.2066040039062,993.8189697265624,853.029296875,981.3167114257812,979.6350708007812,269.56558227539057,959.5244750976562,949.7133178710938,978.6956176757812,990.423095703125,995.6954345703124,715.6982421875,1050.8829345703123,911.9718627929688,936.5667114257812,463.445068359375,850.3309936523438,186.452392578125,547.961669921875,1030.432373046875,980.4364624023438,1013.6303100585938,999.1063842773438,135.16197204589844,929.3966674804688,932.9415283203124,903.5173950195312,926.6460571289062,936.4111328125,929.0765991210938,938.9672241210938,1004.8826293945312,810.7061767578125,956.0001831054688,809.5582885742188,720.2229614257812,974.229736328125,1043.6939697265623,1019.2095947265624,792.1321411132812,1010.62451171875,915.3171997070312,912.0426635742188,897.6240844726562,923.8272094726562,988.4747314453124,931.1013793945312,1049.88427734375,1025.094482421875,955.371826171875,965.5806884765624,963.703125,948.5230102539062
149.83474731445312,321.2024841308594,46.4726676940918,178.91647338867188,58.86488723754883,731.3474731445312,962.2982177734376,586.7845458984375,1025.246826171875,51.30690383911133,913.6526489257812,1056.828369140625,968.5806884765624,1013.06103515625,958.7896728515624,816.5904541015625,432.9017639160156,921.9910278320312,907.966064453125,65.82257080078125,910.3125,953.9352416992188,55.12405014038086,45.42345809936523,944.0686645507812,861.6525268554688,962.1128540039062,1037.725830078125,973.2471313476562,938.552734375,925.5973510742188,871.559814453125,892.9033813476562,512.5292358398439,1012.3729248046876,882.1011352539062,740.4049072265625,1008.3934936523438,884.6544189453125,984.3477783203124,1100.646484375,942.291748046875,1150.5140380859375,1009.2106323242188,919.1302490234376,379.9709167480469,940.0484008789062,1062.2889404296877,1049.98388671875,952.5874633789062,937.8562622070312,887.27197265625,895.5302124023438,989.11865234375,856.8012084960938,977.0618896484376,978.9645385742188,270.68948364257807,958.88525390625,948.9158325195312,976.2169799804688,993.7966918945312,986.4283447265624,712.8487548828125,1057.046630859375,913.4764404296876,930.7877197265624,463.7396545410156,849.920654296875,188.8428192138672,544.9672241210939,1036.8646240234377,989.0760498046876,1008.5565185546876,1005.6912841796876,130.19419860839844,928.468017578125,930.2232666015624,903.17919921875,929.6221313476562,934.3565673828124,922.9029541015624,945.68896484375,1009.0538940429688,806.73681640625,968.1050415039062,808.1428833007812,722.6082763671875,977.4971313476562,1044.8636474609377,1024.0977783203123,790.3922119140625,1008.6439208984376,916.7515258789062,909.1583251953124,901.2686157226562,924.415283203125,991.8939819335938,930.1519165039062,1058.531005859375,1029.0308837890623,949.2854614257812,971.1639404296876,966.0155029296876,952.4175415039062
150.7300262451172,322.2424011230469,46.25407028198242,178.8358612060547,55.82859420776367,724.7567749023438,966.7222290039062,585.40087890625,1027.8414306640623,49.72575759887695,909.5582885742188,1059.9217529296877,964.6260375976562,1016.2674560546876,964.6435546875,822.48486328125,440.9713745117188,921.182373046875,909.7916259765624,65.79294586181639,912.5611572265624,956.4705200195312,53.52126693725586,46.24726867675781,940.035888671875,861.1982421875,972.6078491210938,1037.1064453125,980.75439453125,944.3220825195312,933.0101928710938,866.92578125,890.5713500976562,520.7462158203125,1016.1625366210938,883.0988159179688,744.3794555664062,1004.22314453125,885.42578125,984.297607421875,1104.079345703125,939.1710815429688,1144.955078125,1002.9095458984376,913.9102783203124,383.7098388671875,946.00634765625,1059.8656005859377,1057.013916015625,955.14453125,940.2556762695312,881.2266845703125,896.0802001953125,990.3634033203124,855.6935424804688,979.1463623046876,980.3916625976562,271.41592407226557,949.4129028320312,951.6760864257812,971.8975219726562,994.477783203125,995.242919921875,714.9327392578125,1056.3612060546877,916.2481689453124,934.5805053710938,464.6444396972656,850.1192016601562,187.95294189453125,549.5193481445311,1025.14892578125,985.4526977539062,1011.5059814453124,1004.3693237304688,134.3157958984375,923.287109375,935.6350708007812,907.49951171875,928.548828125,935.2688598632812,924.1138916015624,947.2225341796876,1007.1006469726562,804.7191162109375,964.2250366210938,812.57373046875,725.111572265625,973.6115112304688,1048.665771484375,1019.4689331054688,799.41162109375,1010.64306640625,918.1826782226562,909.16259765625,898.8763427734375,919.3919067382812,989.1484375,932.4083251953124,1048.613525390625,1029.3355712890623,950.39404296875,964.864013671875,967.4334716796876,946.887451171875
150.7168426513672,325.34722900390625,47.25010299682617,182.9705352783203,57.97426223754883,736.3120727539062,964.9588623046876,591.1843872070312,1028.3433837890623,50.529991149902344,909.8853759765624,1059.339599609375,974.3482666015624,1013.361328125,966.611328125,823.3736572265625,439.2943115234375,918.35595703125,910.1806030273438,64.42547607421875,906.9175415039062,960.0529174804688,54.5568962097168,43.77145385742188,942.2169799804688,863.1759643554688,966.475341796875,1038.7762451171877,978.6150512695312,935.9071655273438,931.8331909179688,878.1906127929688,893.5634155273438,518.6762084960939,1014.4689331054688,882.165283203125,748.6739501953125,1004.9592895507812,882.6787719726562,983.9253540039062,1109.81005859375,941.1984252929688,1151.9368896484375,1007.46826171875,925.486328125,385.7101440429688,947.3278198242188,1063.740234375,1056.26025390625,951.3646240234376,940.6941528320312,890.575439453125,898.6155395507812,990.3380737304688,857.47314453125,976.0726928710938,973.6084594726562,270.76425170898443,950.8578491210938,949.7677001953124,969.6902465820312,993.9555053710938,989.3512573242188,713.4542846679688,1070.059326171875,916.0234375,935.375732421875,464.049560546875,851.7153930664062,192.199951171875,548.1119995117189,1027.406982421875,996.5617065429688,1009.689453125,1009.7427978515624,131.77534484863278,922.5900268554688,931.497314453125,909.438720703125,929.4332885742188,933.3442993164062,928.5106811523438,947.3580322265624,1014.57470703125,808.966552734375,968.7824096679688,816.9657592773438,727.2335815429688,980.4247436523438,1051.021240234375,1022.3811645507812,795.760009765625,1015.1990966796876,924.0208740234376,911.6203002929688,894.9002685546875,927.5838012695312,988.86669921875,931.4722900390624,1047.755126953125,1032.0001220703123,956.4214477539062,962.543701171875,963.9771728515624,950.3703002929688
153.90377807617188,330.1553649902344,48.57156753540039,185.2825164794922,58.56172180175781,738.8490600585938,962.6690063476562,589.7718505859375,1043.4393310546877,51.549171447753906,912.3775024414062,1062.320556640625,977.8877563476562,1020.5405883789062,968.4970092773438,826.2661743164062,442.94830322265625,919.6607055664062,910.2627563476562,62.69873809814453,912.1592407226562,953.7588500976562,55.65735626220703,44.70065689086914,936.93798828125,861.0323486328125,972.93359375,1041.272216796875,978.7046508789062,937.77734375,935.036376953125,880.7810668945312,890.074951171875,513.5787353515625,1013.0223999023438,887.2391967773438,751.6994018554688,1002.8963012695312,883.026611328125,980.0027465820312,1105.6883544921877,939.895751953125,1151.6881103515625,1007.3023071289062,919.9002075195312,384.5025329589844,937.5753784179688,1063.2886962890623,1058.5181884765623,953.07421875,941.233154296875,883.5064697265625,897.4322509765625,996.0339965820312,857.9939575195312,979.8316040039062,978.8837280273438,272.71548461914057,956.1876831054688,950.4630126953124,966.9813842773438,998.2241821289062,994.1824340820312,717.5502319335938,1059.7255859375,920.5868530273438,935.989501953125,470.1519775390625,853.3673095703125,191.63214111328125,549.0231323242189,1029.049560546875,989.1715698242188,1012.8699951171876,1003.498046875,128.60458374023438,914.64453125,937.3473510742188,905.4107666015624,932.14404296875,939.2822265625,925.9175415039062,945.0396728515624,1010.3748779296876,808.6002197265625,964.3161010742188,813.8541870117188,725.6152954101562,974.2850341796876,1054.3406982421877,1026.528564453125,792.0482788085938,1022.0391845703124,920.2734375,909.99560546875,892.747314453125,922.8517456054688,986.6158447265624,928.7047729492188,1053.7081298828123,1029.2764892578123,960.2935791015624,965.9931030273438,968.60888671875,952.2322998046876
155.09767150878906,322.0869445800781,47.58555603027344,183.3115081787109,57.0644645690918,739.8303833007812,964.7107543945312,586.4408569335938,1030.7744140625,51.48318862915039,908.1482543945312,1058.8145751953123,985.7935791015624,1018.2247314453124,963.5662841796876,821.7662963867188,442.4968566894531,915.39599609375,911.56103515625,64.54312896728516,916.275390625,953.9763793945312,56.30648040771485,45.69143295288086,942.8901977539062,862.5531616210938,975.3580322265624,1036.8389892578123,976.673095703125,940.6133422851562,933.7369384765624,875.8948364257812,894.6395874023438,508.4964599609375,1010.8683471679688,893.1885375976562,747.755126953125,997.23876953125,887.524658203125,973.0776977539062,1118.7181396484377,938.0662231445312,1152.2972412109375,1007.831298828125,917.6871948242188,381.8642578125,939.42626953125,1061.470947265625,1053.7708740234377,951.4547729492188,938.3279418945312,886.7432250976562,900.17333984375,994.7579956054688,858.661376953125,973.6015014648438,978.5327758789062,272.79022216796875,953.4161987304688,948.4474487304688,976.4714965820312,989.038330078125,995.3473510742188,716.24169921875,1051.5860595703123,917.9669189453124,937.650390625,469.0850524902344,849.7066040039062,188.3866271972656,546.526611328125,1028.6590576171877,991.3218383789062,1013.1678466796876,1006.3578491210938,131.64462280273438,926.2150268554688,937.1026000976562,905.7800903320312,933.6107177734376,934.1982421875,927.944091796875,945.3628540039062,1015.3786010742188,810.8439331054688,968.8451538085938,811.99072265625,723.716552734375,977.328857421875,1057.7177734375,1025.1898193359377,795.19384765625,1016.4610595703124,917.9131469726562,910.9862060546876,894.703857421875,919.6384887695312,985.9894409179688,926.0497436523438,1052.78125,1032.926513671875,957.5855102539062,962.7146606445312,964.0330200195312,950.75341796875
150.46934509277344,324.360107421875,45.10874938964844,186.6646881103516,58.73828887939453,745.738525390625,966.6159057617188,586.8304443359375,1039.8570556640623,51.1032829284668,909.9547729492188,1062.83544921875,977.0491333007812,1019.8052978515624,973.0673217773438,822.7904052734375,438.0245056152344,927.2501220703124,906.979248046875,65.20072937011719,912.301513671875,953.8562622070312,54.48444747924805,45.40460586547852,943.038330078125,863.9711303710938,967.0682373046876,1031.792724609375,977.533935546875,934.9420166015624,931.4884643554688,874.9072875976562,890.7264404296875,517.93701171875,1017.333251953125,886.845703125,738.7871704101562,1005.6959228515624,883.318359375,976.78515625,1101.0040283203123,945.2493896484376,1142.9232177734375,1001.235107421875,917.12109375,385.1153869628906,939.8799438476562,1058.5972900390623,1059.5511474609377,946.1467895507812,936.4503784179688,886.098388671875,896.1207885742188,994.31201171875,858.0397338867188,976.6532592773438,976.2163696289062,270.90774536132807,952.1090698242188,942.4494018554688,970.778564453125,988.2913208007812,995.41943359375,717.025634765625,1052.0308837890623,915.9807739257812,931.623046875,466.70123291015625,851.866455078125,192.09210205078125,549.4493408203125,1022.7481689453124,988.0707397460938,1013.6174926757812,1008.2127075195312,129.51954650878906,922.4891967773438,935.7348022460938,911.723388671875,927.1819458007812,942.0086059570312,925.22021484375,950.1089477539062,1005.8269653320312,810.3886108398438,971.8777465820312,806.1690063476562,720.4491577148438,974.5963134765624,1049.0963134765623,1019.26953125,800.9874267578125,1015.09423828125,916.545654296875,909.0064697265624,894.8846435546875,923.6643676757812,988.920654296875,929.1273803710938,1045.66064453125,1031.2222900390623,949.2161865234376,961.653564453125,962.5283813476562,946.5242309570312
148.08743286132812,319.6443786621094,47.2099494934082,184.52420043945312,60.01458358764648,741.7604370117188,969.2220458984376,596.3839721679688,1033.388427734375,50.11027908325195,911.3338623046876,1062.193115234375,979.7236938476562,1020.9498291015624,965.0784301757812,825.88134765625,446.0545959472656,920.5408935546876,911.9552612304688,65.48025512695311,909.5162353515624,955.6652221679688,53.32258224487305,43.93312454223633,936.9981689453124,865.43408203125,963.541748046875,1032.9432373046877,977.3739624023438,936.0357666015624,930.2913208007812,868.74951171875,890.7166137695312,516.4072265625,1014.155029296875,877.3147583007812,738.2572631835938,999.63720703125,876.8990478515625,972.7509155273438,1097.5511474609377,936.5626831054688,1144.8720703125,1003.6974487304688,913.7775268554688,385.4871826171875,936.2847290039062,1065.34765625,1055.227783203125,947.1795043945312,938.9091186523438,881.6775512695312,894.33642578125,986.6571655273438,856.0496826171875,981.9967651367188,977.9139404296876,274.93997192382807,953.666748046875,942.0252685546876,970.614013671875,988.1351928710938,990.891845703125,715.73486328125,1054.78466796875,913.8944091796876,934.9949340820312,464.30206298828125,848.8463134765625,191.6874237060547,551.0650634765625,1022.3174438476562,985.3453979492188,1009.6334838867188,1005.0803833007812,130.80326843261722,929.5914916992188,931.7439575195312,907.1522216796876,922.2941284179688,938.7178955078124,922.361328125,947.3154907226562,1005.9660034179688,806.3525390625,967.7131958007812,802.875,724.180419921875,978.107421875,1053.5,1027.6024169921877,797.7825317382812,1010.458984375,909.528564453125,909.9503784179688,894.3269653320312,916.0963134765624,988.4461059570312,930.1712646484376,1049.9320068359377,1028.254150390625,949.7587280273438,962.2666625976562,964.7958374023438,950.8558959960938
157.0683135986328,340.1841735839844,47.63227844238281,186.47642517089844,58.77770233154297,741.425537109375,954.4898071289062,598.0144653320312,1023.4520874023438,52.35884094238281,916.2660522460938,1058.0699462890623,992.6708374023438,1010.389892578125,947.0091552734376,828.7543334960938,442.7986145019531,912.813232421875,909.9755249023438,68.88595581054689,905.9671020507812,955.077392578125,54.84819030761719,43.67648315429688,931.41748046875,856.6697387695312,957.252685546875,1024.29736328125,973.6520385742188,936.4900512695312,930.2046508789062,861.2611083984375,888.77197265625,517.3711547851561,1010.2704467773438,890.9598999023438,735.8660278320312,996.6012573242188,887.350830078125,975.6580200195312,1099.18701171875,933.2767333984376,1146.591796875,1004.0357666015624,923.13134765625,382.4039001464844,940.6995239257812,1060.6280517578123,1054.1800537109377,952.1121215820312,943.2379760742188,887.6389770507812,896.2799072265625,987.0880737304688,852.6415405273438,983.447998046875,981.6759643554688,271.91763305664057,955.955810546875,946.6305541992188,979.153076171875,985.7439575195312,994.4848022460938,713.0364379882812,1053.171630859375,915.0861206054688,936.1278686523438,463.3842468261719,849.63720703125,191.728271484375,544.865234375,1030.6077880859377,986.9839477539062,1014.5902709960938,1002.555908203125,131.78984069824222,934.5934448242188,936.2594604492188,909.955810546875,924.6639404296876,946.781005859375,931.8411865234376,951.11962890625,1009.0685424804688,812.0853881835938,967.8335571289062,796.9048461914062,716.7683715820312,978.73388671875,1050.3304443359377,1014.590576171875,794.9686279296875,1018.3294677734376,914.0372314453124,912.7902221679688,901.947265625,908.405029296875,995.9306030273438,935.9334106445312,1043.537109375,1029.83935546875,950.0205688476562,951.8255615234376,968.7728271484376,951.3329467773438
149.5686492919922,322.6534118652344,46.8091812133789,181.5067138671875,56.59946060180664,737.9488525390625,959.69140625,584.6168212890625,1043.2755126953123,50.63150024414063,914.1642456054688,1064.148681640625,983.57373046875,1019.8477783203124,965.7138061523438,821.7247924804688,434.81524658203125,922.4859008789062,910.1578979492188,64.25088500976561,914.16455078125,957.412109375,53.781639099121094,42.54922866821289,937.3642578125,857.03759765625,965.96240234375,1029.4422607421877,980.2521362304688,937.0685424804688,929.33837890625,875.7439575195312,894.9887084960938,513.0805053710939,1010.5318603515624,891.69580078125,744.7852783203125,1004.3040771484376,887.331298828125,984.2905883789062,1098.12451171875,940.4411010742188,1150.9271240234375,1005.0792846679688,924.0614624023438,383.8158264160156,938.0499877929688,1059.0030517578123,1053.551513671875,950.9618530273438,933.074951171875,889.2608032226562,896.0173950195312,997.8934936523438,853.7283325195312,977.4896240234376,977.104248046875,272.7340087890625,950.1808471679688,948.4739990234376,980.3208618164062,986.3446655273438,989.4674072265624,716.160888671875,1058.414306640625,913.2632446289062,934.1156616210938,464.50787353515625,851.4459228515625,187.30691528320312,547.4136352539061,1029.79541015625,988.1779174804688,1016.3969116210938,1005.8947143554688,130.6402587890625,927.5236206054688,936.766845703125,909.1773071289062,928.63671875,942.718017578125,927.52587890625,940.6550903320312,1013.7511596679688,815.4080200195312,968.2405395507812,799.3329467773438,717.2902221679688,983.5654907226562,1058.2640380859377,1025.5406494140623,793.4568481445312,1014.3081665039062,912.0537719726562,915.4705810546876,898.0050659179688,927.8491821289062,989.1244506835938,930.5569458007812,1055.0218505859377,1034.9425048828123,952.7824096679688,966.1779174804688,965.6703491210938,950.9984741210938
151.5220489501953,316.4718933105469,45.4570198059082,180.55030822753903,57.08318710327149,738.65185546875,965.4229125976562,585.23876953125,1028.4512939453123,50.10453414916992,909.734375,1056.1646728515623,980.8245239257812,1021.41845703125,963.1544799804688,819.5186767578125,438.2392578125,918.09130859375,911.171875,63.877197265625,911.641845703125,959.35595703125,54.30204772949219,43.14875030517578,938.3733520507812,862.875732421875,965.680419921875,1037.730712890625,979.615234375,937.4319458007812,933.165283203125,874.9988403320312,890.51220703125,510.90814208984375,1012.4611206054688,879.5855102539062,743.7902221679688,1003.7681884765624,887.59228515625,976.2545166015624,1094.0335693359377,942.384765625,1149.5927734375,1000.1428833007812,920.9486083984376,383.299072265625,936.57763671875,1057.4453125,1059.0362548828123,947.8251342773438,936.4630126953124,889.2296752929688,898.982177734375,991.3275146484376,853.1055908203125,976.131591796875,982.8543701171876,274.323486328125,956.1865844726562,947.3610229492188,969.740966796875,990.5153198242188,998.5913696289062,713.9005737304688,1055.2860107421877,909.3344116210938,935.9138793945312,460.3454895019531,851.8746337890625,189.8018951416016,547.862060546875,1023.778076171875,981.8477783203124,1013.7933959960938,1004.6532592773438,131.91435241699222,925.3435668945312,940.787841796875,908.4319458007812,926.0625,936.5686645507812,924.4530029296876,944.2946166992188,1009.3982543945312,812.259765625,969.6114501953124,800.6812133789062,721.26220703125,978.4280395507812,1051.296142578125,1024.783447265625,793.7897338867188,1016.110107421875,914.151611328125,911.6332397460938,897.2222290039062,927.8296508789062,991.2291259765624,928.2923583984376,1049.11181640625,1031.6968994140623,954.0497436523438,970.657470703125,964.8331909179688,948.2484741210938
150.93995666503906,326.1602478027344,49.96994018554688,181.2436828613281,55.85405349731445,744.6468505859375,970.0844116210938,594.4610595703125,1032.9095458984377,53.021080017089844,910.4609375,1054.098876953125,988.671875,1016.8294677734376,962.334716796875,816.3615112304688,441.0673828125,923.2532958984376,912.8233032226562,65.29926300048828,912.8381958007812,956.1876831054688,49.4555778503418,43.17049789428711,949.35205078125,859.6044311523438,969.244140625,1039.8485107421877,981.337158203125,942.3058471679688,933.264892578125,878.5028686523438,896.6368408203125,519.2802734375,1015.0377197265624,883.7406616210938,746.3421630859375,1005.2191772460938,885.7620239257812,979.9032592773438,1097.005615234375,939.0759887695312,1148.1513671875,1004.83740234375,918.9358520507812,385.3189086914063,934.9494018554688,1060.8214111328123,1056.4189453125,950.830078125,939.9173583984376,883.260986328125,897.1212768554688,984.3558959960938,855.4412841796875,980.6307373046876,976.4404907226562,269.97509765625,952.3259887695312,946.6456909179688,971.6093139648438,989.2606811523438,993.2267456054688,713.4104614257812,1056.5960693359377,915.9208374023438,937.8802490234376,461.20111083984375,848.9381713867188,188.2505187988281,547.160400390625,1027.95703125,979.9152221679688,1011.0303955078124,1006.9304809570312,132.00321960449222,925.7047729492188,933.99560546875,907.9618530273438,929.23193359375,938.4596557617188,920.0986938476562,941.7940063476562,1009.156982421875,815.3960571289062,969.7621459960938,806.9961547851562,719.82568359375,981.6281127929688,1050.4444580078123,1022.1920166015624,796.0220336914062,1013.39306640625,914.26220703125,909.48583984375,895.12841796875,932.1027221679688,987.3997802734376,929.3099365234376,1049.152099609375,1028.1337890625,959.571044921875,962.64453125,972.1448364257812,954.3447875976562
148.01177978515625,319.6996765136719,47.61084365844727,186.07359313964844,56.77736282348633,747.5814208984375,967.7710571289062,590.661376953125,1027.0328369140623,49.20394134521485,912.3644409179688,1060.54052734375,982.5318603515624,1022.1193237304688,963.5245971679688,826.6719360351562,440.1609191894531,924.4484252929688,912.606201171875,63.40194702148438,920.6410522460938,957.6902465820312,56.62510299682617,44.44438171386719,945.7925415039062,862.6556396484375,968.655517578125,1042.293212890625,980.14453125,934.8648071289062,936.3001708984376,882.7687377929688,892.8569946289062,518.28955078125,1022.7857666015624,881.6400146484375,746.5894165039062,1009.83447265625,888.188232421875,990.5408935546876,1100.401123046875,946.276611328125,1147.3590087890625,1000.880126953125,916.141357421875,377.459228515625,938.29345703125,1062.92626953125,1055.9281005859377,951.5490112304688,942.5250854492188,884.8605346679688,891.1806030273438,993.6226196289062,857.7012939453125,977.8786010742188,973.9109497070312,270.33200073242193,953.5009155273438,945.4058227539062,976.66796875,991.5479125976562,992.3919067382812,713.5717163085938,1055.2451171875,915.3768310546876,935.2932739257812,467.7054443359375,851.9736938476562,187.8214111328125,551.92626953125,1026.7828369140623,990.1568603515624,1006.2225341796876,1003.6727905273438,128.725341796875,927.8257446289062,937.3976440429688,904.6239013671876,931.0845947265624,932.180908203125,926.03271484375,945.3161010742188,1006.3048706054688,811.8003540039062,965.9122314453124,812.0953979492188,721.069580078125,975.87158203125,1050.7711181640623,1022.4513549804688,799.7810668945312,1007.0554809570312,914.9899291992188,910.1652221679688,890.6987915039062,917.61474609375,992.81494140625,929.4591064453124,1052.2037353515623,1034.244140625,956.1763916015624,962.916748046875,966.904296875,952.4329833984376
146.6919403076172,321.1282653808594,49.78555297851562,188.0032196044922,54.4046516418457,742.2904052734375,965.423095703125,587.8816528320312,1041.2203369140623,49.45305252075195,913.6720581054688,1060.4268798828123,979.567138671875,1024.7734375,974.9050903320312,823.0886840820312,448.09869384765625,923.2625122070312,912.1934814453124,65.51116943359375,921.569580078125,958.7223510742188,53.170692443847656,46.800331115722656,946.87109375,864.7708740234375,973.108154296875,1047.179443359375,979.0881958007812,939.9346313476562,936.2838745117188,891.3141479492188,889.0121459960938,525.3131713867189,1022.065673828125,876.9540405273438,752.8684692382812,1005.5588989257812,888.2227783203125,984.6519165039062,1096.62255859375,944.0697021484376,1155.3472900390625,1014.3768310546876,928.2257690429688,383.7701110839844,930.9502563476562,1068.2867431640623,1061.669921875,951.1834106445312,937.0088500976562,883.4027709960938,897.9808349609375,991.6392822265624,860.2886352539062,977.1226196289062,990.391845703125,272.63467407226557,953.7249145507812,950.4549560546876,978.323486328125,992.25244140625,991.7687377929688,715.0718383789062,1055.0218505859377,916.9146728515624,931.2647094726562,468.4206848144531,855.0850219726562,188.9729156494141,552.10107421875,1026.529541015625,980.3404541015624,1009.6332397460938,1008.1043090820312,128.45021057128906,923.1143188476562,938.450439453125,911.76171875,933.7600708007812,937.8065185546876,923.4319458007812,944.8369750976562,1001.5460815429688,808.6034545898438,964.373779296875,812.9597778320312,725.8732299804688,975.7683715820312,1047.42236328125,1017.5462646484376,791.1148681640625,1006.1356811523438,918.47021484375,910.986328125,892.9730224609375,926.0496215820312,990.2352905273438,931.9959106445312,1050.662353515625,1031.305908203125,960.3267822265624,970.2378540039062,968.4782104492188,952.676513671875
155.90223693847656,321.9756774902344,47.19013595581055,180.1636962890625,56.86037826538086,721.3406372070312,964.794189453125,588.3294677734375,1021.6920166015624,50.0140266418457,906.4520874023438,1051.8681640625,979.9835815429688,1011.4901123046876,954.8513793945312,816.9067993164062,435.1549072265625,920.3065185546876,904.9461059570312,61.65932083129883,909.96142578125,953.7955322265624,56.36867141723633,45.63536834716797,944.18505859375,861.30810546875,961.28369140625,1032.093017578125,974.8165893554688,932.716796875,924.9908447265624,864.591796875,884.73193359375,521.0400390625,1019.7697143554688,878.9321899414062,742.09326171875,988.5542602539062,883.739501953125,973.0680541992188,1106.065185546875,935.805908203125,1153.5947265625,1006.6082153320312,912.0762939453124,387.8140258789063,938.7203979492188,1058.358154296875,1060.3037109375,950.4286499023438,939.2272338867188,879.7413940429688,901.2208862304688,993.190185546875,858.7991333007812,980.9649658203124,981.8070678710938,271.43853759765625,960.1150512695312,949.7821655273438,961.9656372070312,989.5447387695312,990.7818603515624,714.7340087890625,1053.15380859375,914.1818237304688,939.5112915039062,465.1202392578125,852.43701171875,186.2561798095703,543.4638671875,1026.272216796875,985.7115478515624,1016.1742553710938,997.4427490234376,126.31259155273438,920.0184936523438,935.9542846679688,905.6643676757812,929.7140502929688,935.8095703125,931.3062133789062,946.3269653320312,1000.4249877929688,802.9772338867188,968.3585815429688,807.1209716796875,721.1142578125,978.729736328125,1058.48828125,1022.447998046875,790.9915771484375,1008.6257934570312,911.9431762695312,900.6759643554688,890.6533813476562,926.1013793945312,990.3877563476562,929.44482421875,1052.1175537109377,1028.6820068359377,953.1212768554688,968.08203125,963.2374877929688,949.330078125
154.16571044921875,330.4332580566406,46.82641983032226,183.21701049804688,57.24367904663086,734.0349731445312,961.5029907226562,592.322509765625,1021.5098876953124,50.74200057983398,914.28466796875,1061.4130859375,978.30224609375,1018.2273559570312,962.6638793945312,821.9498291015625,442.4502868652344,918.1559448242188,912.64697265625,65.86130523681639,907.992919921875,953.2779541015624,53.65775680541992,43.63356018066406,933.4689331054688,860.9161987304688,962.0405883789062,1030.057861328125,975.006591796875,941.5150146484376,925.8257446289062,863.8380126953125,886.9901733398438,519.4864501953125,1014.4859008789062,895.3286743164062,743.2783203125,994.4107666015624,884.0613403320312,979.4358520507812,1102.43701171875,937.2556762695312,1145.1383056640625,1006.2421875,916.97021484375,381.5379333496094,939.6165771484376,1053.8695068359377,1059.7452392578123,952.508544921875,943.4058227539062,881.6687622070312,896.5629272460938,1000.1168823242188,859.5020751953125,976.61669921875,977.2010498046876,274.05886840820307,959.20068359375,947.559326171875,971.2169189453124,990.844970703125,989.6514282226562,720.68115234375,1055.860595703125,919.43896484375,936.4517822265624,464.44244384765625,850.2793579101562,186.6346893310547,548.4361572265625,1025.3746337890623,985.7401123046876,1007.4879760742188,1007.3823852539062,127.4020767211914,926.5877075195312,934.3494873046876,906.7699584960938,928.9530029296876,936.9208984375,925.71142578125,940.7476196289062,1000.8778686523438,809.2412719726562,970.79052734375,801.4072875976562,718.3314208984375,975.434814453125,1052.9742431640623,1027.0614013671877,793.4896240234375,1016.3081665039062,911.9164428710938,910.2401123046876,898.286376953125,918.83154296875,986.79638671875,933.3204345703124,1046.0927734375,1025.9827880859377,953.4517822265624,956.7381591796876,969.88134765625,947.05859375
148.1746826171875,324.05889892578125,47.26700973510742,182.302978515625,56.81646347045898,726.96240234375,965.0296020507812,588.2159423828125,1027.533447265625,52.19856262207031,914.3754272460938,1060.610107421875,970.8345947265624,1015.5244750976562,961.4029541015624,826.0007934570312,437.623779296875,922.1199340820312,911.9056396484376,65.02355194091797,913.2372436523438,952.2520751953124,54.03866958618164,44.94779586791992,940.32470703125,861.22998046875,963.1637573242188,1032.4378662109377,979.4148559570312,941.6338500976562,924.559814453125,859.7228393554688,890.2196655273438,512.7081909179689,1010.0468139648438,882.5498657226562,746.2911987304688,1002.51416015625,884.99462890625,972.1798095703124,1100.479736328125,935.0184936523438,1138.822021484375,1002.5726928710938,916.1236572265624,382.98858642578125,934.9122314453124,1060.6962890625,1061.7193603515623,951.5230102539062,937.7007446289062,886.1263427734375,895.265625,984.2227783203124,852.9918823242188,979.83740234375,976.2711791992188,271.17129516601557,950.6398315429688,945.1071166992188,978.3611450195312,987.86279296875,995.39306640625,714.23974609375,1058.2821044921877,919.6857299804688,941.4202270507812,462.8233337402344,847.1217651367188,188.69309997558597,545.4060668945311,1024.98046875,996.7183227539062,1011.1639404296876,1004.7380981445312,126.13643646240234,931.6568603515624,932.9576416015624,905.1299438476562,923.0982055664062,933.7196044921876,925.71044921875,941.5675659179688,1006.454345703125,809.9485473632812,964.2716064453124,801.25927734375,714.1472778320312,978.1170654296876,1044.24365234375,1020.6158447265624,788.6500854492188,1020.901611328125,909.2456665039062,904.3688354492188,895.232421875,922.191650390625,988.43115234375,935.6481323242188,1045.6148681640623,1019.2713012695312,954.955078125,954.0623168945312,961.7728271484376,945.0020751953124
148.98060607910156,326.5523376464844,45.19656372070313,184.0175018310547,59.27352905273438,735.157958984375,961.7312622070312,589.5017700195312,1023.8126220703124,47.51697540283203,917.2468872070312,1062.1419677734377,982.4884643554688,1023.1163940429688,963.0947875976562,824.1170043945312,438.2252197265625,923.6026000976562,913.3656616210938,61.83667755126953,912.216064453125,952.1560668945312,54.3991813659668,44.20512771606445,935.6631469726562,858.8432006835938,968.14990234375,1031.8994140625,977.0901489257812,945.210205078125,929.3388061523438,866.3311157226562,889.59130859375,511.4710693359375,1006.15283203125,885.1795654296875,742.8109741210938,1001.331298828125,882.3661499023438,969.0177001953124,1095.7474365234377,932.6316528320312,1137.1556396484375,1000.2385864257812,913.126953125,383.3907470703125,938.497314453125,1049.8094482421877,1055.3681640625,948.8597412109376,935.9677734375,888.4995727539062,893.8431396484375,990.52392578125,853.6524047851562,971.748779296875,971.9846801757812,271.87115478515625,952.6795654296876,950.1565551757812,981.3927001953124,983.5526123046876,989.6948852539062,708.2550659179688,1058.42431640625,912.8829345703124,936.3578491210938,459.52349853515625,843.3306884765625,184.8547821044922,542.5908203125,1033.0462646484377,994.0677490234376,1009.7727661132812,1003.3338623046876,129.9361572265625,929.3724365234376,937.973876953125,903.2261352539062,922.5883178710938,932.551513671875,924.7160034179688,941.8084716796876,1007.0238647460938,812.3069458007812,962.12646484375,805.82568359375,718.8327026367188,978.0721435546876,1046.743896484375,1016.844970703125,790.1621704101562,1020.5350341796876,914.9417114257812,908.4594116210938,898.0408325195312,925.2738647460938,992.2642211914062,935.6785278320312,1046.9603271484377,1027.80029296875,957.7506103515624,954.412109375,963.96337890625,950.58251953125
151.1890106201172,325.5711975097656,48.1852912902832,186.01296997070312,58.34441757202149,738.9688110351562,967.2229614257812,588.008056640625,1034.7489013671877,50.52718353271485,912.74267578125,1057.8553466796877,985.2095947265624,1020.8601684570312,966.0075073242188,826.3484497070312,435.274169921875,924.6021728515624,912.428466796875,64.48621368408203,913.3967895507812,950.1016845703124,53.50441360473633,44.57503890991211,939.794921875,859.7709350585938,971.56884765625,1037.4202880859377,973.4050903320312,937.9996948242188,934.3734741210938,879.2953491210938,892.6769409179688,517.9149169921875,1013.6691284179688,875.9757690429688,748.7600708007812,1002.4683227539062,881.70556640625,977.38037109375,1100.1195068359377,935.759033203125,1140.6878662109375,997.377685546875,918.2595825195312,385.8286437988281,941.7890625,1054.4710693359377,1055.6717529296877,948.9345092773438,931.66357421875,883.8943481445312,896.2651977539062,984.7556762695312,852.3763427734375,975.7687377929688,977.7586059570312,270.296142578125,954.1194458007812,945.647705078125,979.7904052734376,989.2188720703124,991.983642578125,707.593994140625,1050.384765625,916.66162109375,935.7927856445312,453.9546813964844,843.17138671875,184.6894836425781,537.8837890625,1031.55908203125,986.3251342773438,1005.818603515625,1002.495361328125,133.01889038085938,938.1019897460938,937.3275146484376,906.4158935546876,923.8120727539062,927.135986328125,926.3538208007812,948.0094604492188,999.11962890625,811.6876831054688,962.3425903320312,807.61962890625,716.5734252929688,978.5320434570312,1050.4696044921877,1025.49755859375,796.9572143554688,1016.97119140625,915.9359741210938,906.4783325195312,893.5501708984375,932.1943969726562,985.2986450195312,933.3795166015624,1054.9166259765623,1027.0380859375,957.02197265625,957.997314453125,961.64111328125,949.1476440429688
149.2667999267578,326.4360046386719,48.81965255737305,187.07891845703125,56.78296661376953,744.8741455078125,968.1026000976562,591.1146240234375,1031.3944091796877,49.51648712158203,920.0404052734376,1058.4501953125,978.5646362304688,1021.4080200195312,964.3056030273438,826.1904296875,442.407470703125,921.5050659179688,913.1167602539062,63.26018905639648,909.71630859375,954.0245971679688,54.9932861328125,42.51315689086914,944.0067749023438,861.4874267578125,969.083984375,1037.5869140625,978.9161987304688,937.7996215820312,932.6907958984376,876.9779052734375,891.1109008789062,520.1798706054689,1010.3687133789062,884.9963989257812,748.6848754882812,1005.827392578125,878.01123046875,973.66455078125,1094.7437744140623,937.7346801757812,1144.7066650390625,1006.32763671875,920.9122924804688,383.43658447265625,940.6398315429688,1061.0068359375,1063.6727294921877,944.3466186523438,943.0450439453124,885.184326171875,895.5148315429688,994.7171020507812,857.791259765625,978.242919921875,981.2921752929688,273.248046875,955.2889404296876,944.1041259765624,975.9962158203124,986.6998291015624,990.8640747070312,713.280029296875,1054.073974609375,920.9393310546876,934.8198852539062,459.4383239746094,847.22412109375,189.6816711425781,545.02099609375,1025.4808349609377,983.4603271484376,1013.2650756835938,1002.54541015625,132.81449890136722,935.73779296875,941.0414428710938,901.8646240234376,927.2459716796876,936.559326171875,925.8675537109376,947.4904174804688,1004.025390625,813.0109252929688,968.0554809570312,812.5585327148438,725.1908569335938,982.7433471679688,1051.2979736328123,1025.1708984375,798.5996704101562,1015.89404296875,918.6532592773438,915.4901123046876,897.4878540039062,941.154296875,987.75390625,933.00390625,1051.0941162109377,1033.3621826171877,955.7380981445312,965.4496459960938,966.0499877929688,951.83837890625
153.17079162597656,323.3984375,46.88399887084961,183.02024841308597,56.76154708862305,737.4230346679688,968.856689453125,587.3173217773438,1026.3973388671877,49.48661422729492,912.5780029296876,1064.9691162109377,981.1935424804688,1019.1925659179688,962.04052734375,822.0121459960938,439.1049499511719,923.540283203125,912.4869384765624,65.84494018554689,914.50830078125,954.2937622070312,54.37173080444336,44.491790771484375,938.537109375,858.98583984375,974.5216674804688,1029.729248046875,976.8477783203124,944.1556396484376,930.7755737304688,874.7308959960938,893.6346435546875,518.1407470703125,1015.59375,883.9326782226562,743.0216674804688,999.1980590820312,884.9462280273438,978.0096435546876,1101.2030029296877,938.0252075195312,1139.6424560546875,1002.7609252929688,918.4072875976562,385.1988220214844,939.8211059570312,1062.0146484375,1061.1671142578123,951.39404296875,941.0216064453124,882.0662231445312,895.42431640625,986.2609252929688,849.0419921875,980.68798828125,985.2164916992188,271.94033813476557,955.0064697265624,950.2716064453124,981.9063720703124,992.2220458984376,990.84375,719.2853393554688,1059.8763427734377,908.4945678710938,935.298828125,463.04132080078125,847.953125,188.8836669921875,546.757568359375,1031.2974853515623,979.6171875,1012.474365234375,1007.8667602539062,133.00228881835938,928.2603759765624,937.1368408203124,907.63916015625,927.30908203125,935.351318359375,927.0327758789062,947.6170043945312,1004.2693481445312,814.8192138671875,967.1840209960938,812.3951416015625,723.7250366210938,977.868408203125,1045.929931640625,1016.1475219726562,794.451171875,1018.7614135742188,913.2205200195312,909.7733154296876,898.8156127929688,932.0311279296876,988.1707153320312,931.1194458007812,1045.7572021484377,1021.323486328125,959.6535034179688,963.0208740234376,965.839111328125,947.647705078125
149.56541442871094,329.0337219238281,46.68456649780274,186.2395477294922,58.44020462036133,744.126220703125,967.17138671875,596.8472290039062,1038.5001220703123,50.69335556030274,916.1140747070312,1067.5701904296877,983.8703002929688,1026.8487548828123,967.5078125,823.3673095703125,442.3309020996094,922.115966796875,911.7809448242188,65.49130249023439,913.5989990234376,955.0258178710938,54.97277069091797,43.41310501098633,943.1095581054688,857.93017578125,981.646484375,1034.109130859375,985.3963012695312,945.5704956054688,930.7470092773438,871.9418334960938,895.0191650390625,516.6177978515625,1016.5516967773438,888.45458984375,747.885498046875,1005.836669921875,891.2408447265625,979.3635864257812,1101.4962158203123,939.4903564453124,1148.849365234375,1009.421875,921.857421875,386.732666015625,940.4501342773438,1058.429443359375,1055.513427734375,947.07958984375,938.0258178710938,888.4177856445312,897.31591796875,991.4540405273438,854.4119262695312,979.302734375,978.95703125,273.67214965820307,953.828125,945.8458862304688,980.5578002929688,988.6642456054688,993.5679321289062,718.63525390625,1063.8818359375,916.71923828125,932.9730834960938,464.1807556152344,850.9400024414062,191.78610229492188,547.8265380859375,1032.7835693359377,993.5291748046876,1010.5631713867188,1001.48974609375,135.64581298828122,929.9098510742188,938.7808227539062,907.66064453125,928.3963012695312,932.6721801757812,920.8536376953124,947.97021484375,1009.11962890625,814.5960693359375,967.6310424804688,814.5645141601562,723.8751220703125,979.2534790039062,1044.921875,1023.5713500976562,799.9789428710938,1019.2706909179688,920.005126953125,909.0194091796876,888.44384765625,922.4929809570312,991.6746215820312,931.2106323242188,1046.0780029296877,1030.06396484375,960.7890625,964.3279418945312,965.5716552734376,949.484375
154.19326782226562,329.06976318359375,46.51989364624024,183.1150360107422,55.33438110351562,743.8538818359375,969.3046875,597.0040893554688,1040.8558349609377,51.44890213012695,916.2454833984376,1065.7431640625,992.5343627929688,1015.1896362304688,969.1316528320312,819.8008422851562,437.5560302734375,918.7567749023438,912.5357666015624,65.83445739746094,910.8185424804688,950.9528198242188,53.02396011352539,46.72160720825195,939.7681884765624,861.5086059570312,973.8961791992188,1024.8797607421877,988.708251953125,936.1527709960938,933.2412719726562,880.1324462890625,892.700439453125,519.669921875,1015.884765625,892.40869140625,748.0364379882812,1002.42431640625,884.7523803710938,982.854736328125,1106.7568359375,941.7438354492188,1141.9462890625,1007.2654418945312,921.7039184570312,384.1398620605469,940.6681518554688,1060.3851318359377,1058.5682373046877,945.3572998046876,939.3292846679688,891.5794677734375,894.1023559570312,989.9813842773438,855.5731811523438,979.34228515625,978.323486328125,270.16763305664057,952.7410278320312,946.5255126953124,990.80712890625,994.1213989257812,996.9888916015624,712.0339965820312,1059.0511474609377,912.55029296875,935.2868041992188,458.5014343261719,848.6791381835938,189.60516357421875,540.926513671875,1036.87890625,984.5968627929688,1013.0178833007812,1001.9078979492188,133.77363586425778,936.3357543945312,938.2328491210938,902.2783813476562,926.7039184570312,931.5786743164062,927.0411376953124,947.5390625,1007.69189453125,812.6435546875,966.9978637695312,808.466796875,717.1790161132812,980.048828125,1049.8651123046877,1019.2771606445312,795.2301025390625,1022.3718872070312,921.5486450195312,912.5739135742188,897.9899291992188,929.5994873046876,987.9512939453124,928.099609375,1043.8408203125,1029.7562255859377,958.9255981445312,961.4788818359376,967.14697265625,953.79052734375
152.3907928466797,334.7538757324219,47.6768798828125,183.3166656494141,56.58483123779297,745.6078491210938,971.65234375,604.083740234375,1046.67333984375,49.79528427124024,921.8966674804688,1066.791259765625,998.923095703125,1012.4558715820312,967.2521362304688,821.5055541992188,444.0501708984375,925.2863159179688,912.8147583007812,63.12295150756836,910.1343383789062,952.7462158203124,54.19503784179688,44.15946578979492,936.51904296875,860.0938720703125,983.774169921875,1033.147705078125,989.8533325195312,939.9143676757812,933.6328125,883.9971313476562,895.5533447265625,526.8826293945311,1008.9520874023438,880.4436645507812,752.0198974609375,1001.9739990234376,882.5513305664062,977.6201782226562,1118.5621337890623,936.13427734375,1139.1552734375,1005.6790771484376,926.4600219726562,384.48126220703125,935.5250854492188,1063.14697265625,1059.4476318359377,947.7758178710938,935.7227172851562,882.12841796875,898.4926147460938,994.52978515625,859.5538940429688,981.9625854492188,978.01220703125,270.946533203125,955.821044921875,948.84130859375,985.9984741210938,985.1861572265624,995.50341796875,714.93408203125,1057.7789306640623,918.1709594726562,931.7289428710938,467.6694030761719,848.891357421875,193.7402648925781,545.3775634765625,1041.435302734375,988.3599853515624,1010.876953125,1009.7875366210938,131.28744506835938,941.0628051757812,933.251220703125,907.7421875,935.1788940429688,939.7376098632812,925.6805419921876,949.6840209960938,1009.4131469726562,815.4172973632812,969.1082153320312,814.1510620117188,720.2189331054688,982.6102905273438,1056.074462890625,1018.8497924804688,795.877685546875,1020.626953125,926.020263671875,909.5986938476562,894.3773803710938,939.2603759765624,986.2998657226562,933.7913208007812,1050.9788818359377,1028.555419921875,956.0260009765624,965.2777709960938,963.9368896484376,950.2537231445312
145.59024047851562,325.8852233886719,46.80824661254883,179.25575256347656,58.41775131225586,725.209716796875,959.8838500976562,584.9321899414062,1026.4873046875,48.11314392089844,905.764404296875,1061.9901123046877,965.862060546875,1012.3650512695312,966.0339965820312,825.4953002929688,438.2905578613281,920.477783203125,909.85302734375,66.52980041503906,906.6209716796876,959.8679809570312,53.39125442504883,44.85672378540039,941.4644775390624,862.3019409179688,963.2734375,1030.67236328125,980.322265625,938.9578247070312,925.4912719726562,866.9388427734375,889.9800415039062,522.6759033203125,1019.3972778320312,886.069580078125,739.6797485351562,1006.002685546875,885.0055541992188,984.046142578125,1107.667724609375,947.015625,1152.66845703125,1002.7713623046876,915.288330078125,383.86224365234375,940.434326171875,1061.6539306640623,1058.612060546875,947.7549438476562,937.4945678710938,882.6947021484375,899.947998046875,990.4293823242188,853.252685546875,977.0078125,975.4819946289062,271.93777465820307,953.0158081054688,951.3751831054688,977.77783203125,992.9580688476562,993.7507934570312,715.0568237304688,1049.227294921875,912.9095458984376,926.6240844726562,467.057373046875,850.66455078125,191.3386688232422,547.919189453125,1026.5888671875,992.0988159179688,1005.5003051757812,1002.359375,130.16763305664062,921.994140625,934.181640625,901.636962890625,930.8569946289062,940.5846557617188,926.0523071289062,945.59765625,1009.8439331054688,811.8875732421875,964.3607177734376,801.500244140625,726.2015991210938,974.098876953125,1057.49853515625,1023.3650512695312,790.1312866210938,1012.857421875,914.6066284179688,911.2384643554688,895.3239135742188,929.3136596679688,993.0934448242188,939.9216918945312,1053.883544921875,1030.281494140625,950.3336791992188,964.0740966796876,969.9519653320312,955.0222778320312
149.08102416992188,324.6570739746094,47.66904830932617,181.8067169189453,58.037109375,726.4956665039062,963.61376953125,584.3124389648438,1035.51318359375,48.18642807006836,909.5767822265624,1060.6065673828123,966.0379028320312,1016.2203979492188,964.8563842773438,821.190185546875,435.3736572265625,920.290283203125,906.9507446289062,61.18693542480469,911.0260009765624,958.288330078125,55.06611633300781,45.37542724609375,944.1296997070312,864.0848999023438,960.5494384765624,1036.293701171875,972.0546264648438,937.6404418945312,928.85986328125,868.3904418945312,887.4992065429688,513.4456787109375,1017.5958862304688,879.8475341796875,744.0720825195312,1004.459716796875,884.2736206054688,979.6565551757812,1094.09326171875,942.8305053710938,1148.841796875,1002.3186645507812,915.6508178710938,382.4933776855469,937.6185302734376,1056.018310546875,1051.5057373046877,955.2352294921876,940.1188354492188,882.9940185546875,900.4337158203125,994.2169189453124,856.3760986328125,973.77001953125,976.6475219726562,271.81466674804693,954.5529174804688,944.0040283203124,971.53173828125,994.9453735351562,990.8870239257812,714.4113159179688,1057.8524169921877,916.3223876953124,932.7861938476562,462.39947509765625,852.3646240234375,193.7252197265625,549.107177734375,1029.1942138671877,985.3519897460938,1018.1131591796876,1004.8389282226562,130.40959167480472,926.7195434570312,933.8502197265624,906.8146362304688,927.1043090820312,940.5836791992188,927.0079956054688,947.8380126953124,1005.6685791015624,805.0455932617188,968.891357421875,806.3663940429688,723.9832153320312,977.6611938476562,1049.00244140625,1020.7763061523438,791.6873779296875,1013.6619873046876,911.6453247070312,912.3062133789062,899.2334594726562,915.0452270507812,990.1048583984376,936.87646484375,1047.739013671875,1032.0634765625,950.5704956054688,966.2439575195312,968.5509643554688,949.2059936523438
153.64671325683594,327.2804260253906,46.41275024414063,180.91622924804688,57.205284118652344,739.9606323242188,961.78076171875,583.9232788085938,1031.2020263671877,48.97922134399414,913.4027709960938,1054.16259765625,973.2091674804688,1020.451904296875,965.3361206054688,821.0219116210938,445.664306640625,915.6361083984376,909.7388916015624,64.13274383544922,911.4012451171876,955.66259765625,53.28879165649414,45.20994186401367,944.8697509765624,864.0067749023438,964.4618530273438,1033.450439453125,974.514404296875,937.4005126953124,936.3243408203124,870.9835815429688,892.7971801757812,515.5628051757811,1014.57275390625,886.6642456054688,745.620849609375,1005.6773071289062,889.9512939453125,984.1666259765624,1102.0634765625,942.7492065429688,1149.615234375,1005.8784790039062,919.4376220703124,381.86260986328125,937.74169921875,1059.341064453125,1051.6083984375,953.70654296875,935.2477416992188,892.3641967773438,896.75634765625,992.8882446289062,854.3589477539062,976.9812622070312,973.3987426757812,270.53955078125,953.5758666992188,946.6510009765624,972.6858520507812,992.8323364257812,993.7372436523438,716.983642578125,1051.9559326171877,908.35888671875,937.813232421875,462.8172302246094,851.8058471679688,188.43450927734372,548.458740234375,1027.9554443359377,987.4378051757812,1004.3482055664062,999.6227416992188,131.46156311035156,925.2901000976562,933.8878784179688,907.22412109375,925.2298583984376,933.402099609375,927.53857421875,944.1598510742188,1007.3148803710938,806.975830078125,962.162109375,807.90576171875,722.9412231445312,972.9908447265624,1048.5771484375,1018.47802734375,792.36328125,1008.1906127929688,917.2853393554688,912.6119384765624,896.5498657226562,919.318359375,990.47607421875,931.0216064453124,1047.1717529296877,1030.4534912109377,954.5435791015624,963.4075927734376,967.1458740234376,946.3340454101562
155.8982391357422,328.8962707519531,47.64556121826172,186.1211242675781,56.75657272338867,739.6485595703125,962.17822265625,588.8064575195312,1032.9566650390623,54.561317443847656,912.5181884765624,1054.965087890625,989.9404907226562,1016.9605102539062,959.897216796875,825.9083862304688,439.5550537109375,920.782470703125,908.2990112304688,68.02469635009766,913.3276977539062,955.2312622070312,53.50695037841797,45.50222396850586,937.900390625,861.7722778320312,970.1332397460938,1035.4984130859377,975.2806396484376,938.6154174804688,930.8076782226562,879.2821655273438,891.5112915039062,515.0680541992189,1015.3545532226562,882.5818481445312,743.0886840820312,999.1912841796876,886.0009155273438,977.766845703125,1101.656982421875,936.1359252929688,1144.1031494140625,1001.71337890625,915.4851684570312,384.8716430664063,939.4576416015624,1065.4622802734377,1051.55810546875,947.2334594726562,940.58349609375,884.0668334960938,893.2591552734375,987.69482421875,854.4288940429688,976.135009765625,974.6627197265624,271.64178466796875,956.21240234375,953.9006958007812,968.6561279296876,989.6062622070312,992.7440185546876,716.0322265625,1056.2203369140623,915.3806762695312,942.502685546875,462.6050109863281,848.40625,184.3875274658203,546.2335205078125,1019.7548217773438,983.7295532226562,1015.9125366210938,1010.6307373046876,131.77461242675778,926.4951782226562,931.0106811523438,912.4197998046876,926.20849609375,940.8461303710938,921.7739868164062,940.78857421875,1004.5924072265624,806.8641357421875,967.77099609375,809.9609375,721.1023559570312,978.4005126953124,1052.908935546875,1024.3619384765623,794.5796508789062,1013.233154296875,916.733154296875,907.96826171875,892.9837646484375,922.8168334960938,985.2169189453124,925.5938720703124,1046.3984375,1029.9989013671877,954.1243896484376,961.05859375,961.9635009765624,952.71533203125
155.2770538330078,319.0970458984375,46.6037712097168,183.207763671875,58.946983337402344,748.3553466796875,969.8330688476562,586.857666015625,1031.554931640625,51.05826187133789,914.4318237304688,1058.6810302734377,990.0999145507812,1017.677001953125,964.6369018554688,818.5578002929688,442.0087890625,918.2927856445312,915.0443115234376,65.20571899414061,914.4993896484376,953.2517700195312,55.72233581542969,43.713462829589844,944.5186157226562,863.06103515625,961.8681030273438,1043.50146484375,978.9005737304688,939.8630981445312,934.75048828125,877.6384887695312,888.3439331054688,513.0046997070311,1005.3668823242188,889.119873046875,738.1016235351562,997.1984252929688,880.9552612304688,972.2576293945312,1101.53857421875,933.8348999023438,1146.697265625,1003.2552490234376,921.4548950195312,383.9899291992188,940.2194213867188,1058.380859375,1058.97802734375,953.02978515625,939.2662353515624,888.3778686523438,894.795166015625,988.9583740234376,855.2357788085938,975.3988647460938,987.1032104492188,272.16671752929693,953.707763671875,944.4681396484376,979.2202758789062,989.5001831054688,991.4586791992188,710.2943115234375,1060.0921630859377,913.764892578125,937.1048583984376,464.438232421875,851.1793212890625,189.3511199951172,546.5512084960939,1033.7821044921877,982.7095336914062,1011.9684448242188,1008.830810546875,129.61787414550778,928.4412231445312,939.523681640625,905.2764282226562,927.8195190429688,936.2977294921876,928.7058715820312,944.944091796875,1018.5653686523438,809.67041015625,961.5535278320312,806.4569702148438,722.17236328125,979.9367065429688,1047.0909423828123,1025.0472412109377,799.044189453125,1020.0320434570312,915.5139770507812,910.0504760742188,898.7839965820312,926.6749877929688,987.600341796875,927.36376953125,1050.7177734375,1029.22509765625,954.552734375,965.439453125,963.912841796875,947.5164184570312
